
Solution para delta = 0.001
0
0.000200268
0.000205566
0.000210878
0.000216202
0.000221538
0.000226886
0.000232245
0.000237615
0.000242995
0.000248386
0.000253786
0.000259195
0.000264613
0.00027004
0.000275476
0.000280919
0.000286371
0.00029183
0.000297297
0.000302771
0.000308251
0.000313739
0.000319233
0.000324733
0.00033024
0.000335752
0.000341271
0.000346795
0.000352324
0.000357859
0.000363399
0.000368944
0.000374495
0.00038005
0.000385609
0.000391173
0.000396742
0.000402315
0.000407892
0.000413474
0.000419059
0.000424649
0.000430242
0.000435839
0.00044144
0.000447044
0.000452652
0.000458263
0.000463878
0.000469496
0.000475117
0.000480741
0.000486368
0.000491999
0.000497632
0.000503268
0.000508907
0.000514549
0.000520194
0.000525841
0.000531491
0.000537143
0.000542798
0.000548456
0.000554115
0.000559778
0.000565442
0.000571109
0.000576778
0.000582449
-1.55835e-05
-1.35126e-05
-1.17852e-05
-1.02912e-05
-8.95179e-06
-7.71039e-06
-6.5262e-06
-5.36962e-06
-4.21923e-06
-3.05953e-06
-1.87942e-06
-6.7102e-07
5.71145e-07
1.85076e-06
3.17017e-06
4.53074e-06
5.93306e-06
7.3772e-06
8.8628e-06
1.03892e-05
1.19556e-05
1.3561e-05
1.52042e-05
1.6884e-05
1.85994e-05
2.0349e-05
2.21316e-05
2.39461e-05
2.57912e-05
2.76659e-05
2.95689e-05
3.14993e-05
3.34559e-05
3.54378e-05
3.7444e-05
3.94736e-05
4.15256e-05
4.35993e-05
4.56939e-05
4.78084e-05
4.99424e-05
5.20949e-05
5.42653e-05
5.6453e-05
5.86574e-05
6.08779e-05
6.31139e-05
6.53648e-05
6.76302e-05
6.99096e-05
7.22024e-05
7.45083e-05
7.68268e-05
7.91576e-05
8.15001e-05
8.3854e-05
8.6219e-05
8.85947e-05
9.09809e-05
9.3377e-05
9.5783e-05
9.81984e-05
0.000100623
0.000103056
0.000105499
0.000107949
0.000110408
0.000112875
0.000115349
0.000117831
0.00012032
0.000122816
0.000125319
0.000127829
0.000130346
0.000132869
0.000135398
0.000137933
0.000140474
0.00014302
0.000145573
0.00014813
0.000150694
0.000153262
0.000155835
0.000158414
0.000160997
0.000163585
0.000166177
0.000168775
0.000171376
0.000173982
0.000176592
0.000179206
0.000181824
0.000184447
0.000187073
0.000189702
0.000192336
6.95528e-06
8.64849e-06
9.373e-06
9.80152e-06
1.00913e-05
1.03e-05
1.04553e-05
1.05726e-05
1.06615e-05
1.07281e-05
1.07769e-05
1.08111e-05
1.0833e-05
1.08444e-05
1.08469e-05
1.08415e-05
1.08293e-05
1.0811e-05
1.07872e-05
1.07585e-05
1.07253e-05
1.06882e-05
1.06473e-05
1.06031e-05
1.05558e-05
1.05056e-05
1.04528e-05
1.03974e-05
1.03398e-05
1.028e-05
1.02182e-05
1.01545e-05
1.0089e-05
1.00219e-05
9.95311e-06
9.88286e-06
9.81118e-06
9.73816e-06
9.66385e-06
9.58832e-06
9.51163e-06
9.43383e-06
9.35497e-06
9.2751e-06
9.19425e-06
9.11248e-06
9.02981e-06
8.94629e-06
8.86195e-06
8.77682e-06
8.69092e-06
8.60429e-06
8.51696e-06
8.42895e-06
8.34027e-06
8.25097e-06
8.16104e-06
8.07053e-06
7.97944e-06
7.8878e-06
7.79561e-06
7.70291e-06
7.60969e-06
7.51599e-06
7.42181e-06
7.32717e-06
7.23208e-06
7.13655e-06
7.04059e-06
6.94422e-06
6.84745e-06
6.75029e-06
6.65274e-06
6.55482e-06
6.45654e-06
6.35791e-06
6.25893e-06
6.15962e-06
6.05998e-06
5.96001e-06
5.85974e-06
5.75916e-06
5.65828e-06
5.5571e-06
5.45565e-06
5.35391e-06
5.2519e-06
5.14962e-06
5.04708e-06
4.94429e-06
4.84124e-06
4.73795e-06
4.63442e-06
4.53065e-06
4.42665e-06
4.32242e-06
4.21797e-06
4.11331e-06
4.00843e-06
3.90334e-06
3.79804e-06
3.69255e-06
3.58685e-06
3.48096e-06
3.37488e-06
3.26861e-06
3.16216e-06
3.05553e-06
2.94872e-06
2.84173e-06
2.73457e-06
2.62724e-06
2.51975e-06
2.41209e-06
2.30427e-06
2.19629e-06
2.08816e-06
1.97987e-06
1.87144e-06
1.76285e-06
1.65412e-06
1.54524e-06
1.43623e-06
1.32707e-06
1.21778e-06
1.10835e-06
9.98785e-07
8.89091e-07
7.79267e-07
6.69316e-07
5.59239e-07
4.49038e-07
3.38715e-07
2.28272e-07
1.1771e-07
7.03018e-09
-1.03765e-07
-2.14674e-07
-3.25695e-07
-4.36828e-07
-5.4807e-07
-6.5942e-07
-7.70876e-07
-8.82438e-07
-9.94103e-07
-1.10587e-06
-1.21774e-06
-1.32971e-06
-1.44178e-06
-1.55394e-06
-1.6662e-06
-1.77856e-06
-1.89101e-06
-2.00355e-06
-2.11619e-06
-2.22891e-06
-2.34173e-06
-2.45463e-06
-2.56762e-06
-2.6807e-06
-2.79386e-06
-2.9071e-06
-3.02043e-06
-3.13384e-06
-3.24734e-06
-3.36091e-06
-3.47456e-06
-3.58829e-06
-3.7021e-06
-3.81599e-06
-3.92995e-06
-4.04399e-06
-4.1581e-06
-4.27229e-06
-4.38655e-06
-4.50088e-06
-4.61528e-06
-4.72975e-06
-4.84429e-06
-4.9589e-06
-5.07358e-06
-5.18833e-06
-5.30315e-06
-5.41803e-06
-5.53297e-06
-5.64799e-06
-5.76306e-06
-5.8782e-06
-5.9934e-06
-6.10867e-06
-6.224e-06
-6.33938e-06
-6.45483e-06
-6.57034e-06
-6.68591e-06
-6.80154e-06
-6.91722e-06
-7.03297e-06
-7.14877e-06
-7.26462e-06
-7.38054e-06
-7.49651e-06
-7.61253e-06
-7.72861e-06
-7.84474e-06
-7.96093e-06
-8.07717e-06
-8.19346e-06
-8.3098e-06
-8.4262e-06
-8.54265e-06
-8.65915e-06
-8.7757e-06
-8.89229e-06
-9.00894e-06
-9.12564e-06
-9.24239e-06
-9.35918e-06
-9.47602e-06
-9.59291e-06
-9.70985e-06
-9.82683e-06
-9.94386e-06
-1.00609e-05
-1.01781e-05
-1.02952e-05
-1.04124e-05
-1.05297e-05
-1.0647e-05
-1.07643e-05
-1.08817e-05
-1.09991e-05
-1.11166e-05
-1.12341e-05
-1.13517e-05
-1.14693e-05
-1.15869e-05
-1.17046e-05
-1.18223e-05
-1.19401e-05
-1.20579e-05
-1.21757e-05
-1.22936e-05
-1.24115e-05
-1.25295e-05
-1.26475e-05
-1.27655e-05
-1.28836e-05
-1.30017e-05
-1.31198e-05
-1.3238e-05
-1.33562e-05
-1.34745e-05
-1.35928e-05
-1.37111e-05
-1.38295e-05
-1.39479e-05
-1.40663e-05
-1.41848e-05
-1.43033e-05
-1.44218e-05
-1.45404e-05
-1.4659e-05
-1.47776e-05
-1.48963e-05
-1.5015e-05
-1.51337e-05
-1.52525e-05
-1.53713e-05
-1.54902e-05
-1.5609e-05
-1.57279e-05

Solution para delta = 0.01
0
0.000393608
0.000400926
0.000408185
0.000415388
0.000422538
0.000429636
0.000436687
0.000443691
0.000450651
0.00045757
0.000464448
0.000471287
0.00047809
0.000484858
0.000491592
0.000498294
0.000504964
0.000511605
0.000518218
0.000524803
0.000531361
0.000537894
0.000544403
0.000550888
0.000557351
0.000563791
0.000570211
0.00057661
0.00058299
0.000589351
0.000595694
0.000602019
0.000608327
0.000614618
0.000620893
0.000627153
0.000633399
0.000639629
0.000645846
0.000652049
0.000658238
0.000664415
0.00067058
0.000676733
0.000682874
0.000689003
0.000695122
0.00070123
0.000707327
0.000713415
0.000719492
0.00072556
0.000731619
0.000737669
0.00074371
0.000749742
0.000755766
0.000761782
0.00076779
0.00077379
0.000779783
0.000785768
0.000791746
0.000797718
0.000803682
0.00080964
0.000815591
0.000821536
0.000827475
0.000833408
-0.000612158
-0.000556884
-0.000507723
-0.000463681
-0.000423967
-0.000387942
-0.000355087
-0.000324976
-0.000297252
-0.000271621
-0.000247833
-0.000225676
-0.000204969
-0.000185557
-0.000167305
-0.000150099
-0.000133836
-0.000118428
-0.000103797
-8.98729e-05
-7.65961e-05
-6.39118e-05
-5.17717e-05
-4.01324e-05
-2.89553e-05
-1.82052e-05
-7.8506e-06
2.13693e-06
1.17833e-05
2.1112e-05
3.01445e-05
3.89003e-05
4.73972e-05
5.56516e-05
6.36786e-05
7.14919e-05
7.91043e-05
8.65275e-05
9.37724e-05
0.000100849
0.000107767
0.000114534
0.000121159
0.000127649
0.000134011
0.000140251
0.000146376
0.000152392
0.000158303
0.000164114
0.000169831
0.000175457
0.000180997
0.000186454
0.000191833
0.000197136
0.000202367
0.000207529
0.000212624
0.000217657
0.000222628
0.00022754
0.000232397
0.000237199
0.000241949
0.00024665
0.000251302
0.000255908
0.00026047
0.000264989
0.000269466
0.000273903
0.000278301
0.000282663
0.000286988
0.000291278
0.000295535
0.00029976
0.000303953
0.000308115
0.000312249
0.000316353
0.00032043
0.00032448
0.000328505
0.000332504
0.000336479
0.00034043
0.000344358
0.000348264
0.000352148
0.000356011
0.000359854
0.000363677
0.000367481
0.000371265
0.000375032
0.000378781
0.000382512
-0.00011956
-0.000132436
-0.00024733
-0.000297513
-0.000326553
-0.000346206
-0.000360797
-0.000372299
-0.000381751
-0.000389756
-0.000396694
-0.000402813
-0.000408288
-0.000413242
-0.000417769
-0.000421938
-0.000425803
-0.000429408
-0.000432787
-0.000435969
-0.000438975
-0.000441827
-0.00044454
-0.000447128
-0.000449603
-0.000451975
-0.000454253
-0.000456445
-0.000458558
-0.000460598
-0.00046257
-0.000464479
-0.00046633
-0.000468126
-0.000469871
-0.000471568
-0.00047322
-0.00047483
-0.000476399
-0.00047793
-0.000479426
-0.000480888
-0.000482317
-0.000483716
-0.000485086
-0.000486428
-0.000487743
-0.000489033
-0.000490299
-0.000491541
-0.000492762
-0.000493961
-0.000495139
-0.000496298
-0.000497438
-0.00049856
-0.000499664
-0.000500752
-0.000501823
-0.000502878
-0.000503919
-0.000504944
-0.000505956
-0.000506953
-0.000507938
-0.000508909
-0.000509869
-0.000510816
-0.000511751
-0.000512675
-0.000513588
-0.00051449
-0.000515382
-0.000516264
-0.000517136
-0.000517998
-0.000518851
-0.000519695
-0.00052053
-0.000521356
-0.000522174
-0.000522984
-0.000523785
-0.000524579
-0.000525366
-0.000526145
-0.000526916
-0.000527681
-0.000528438
-0.000529189
-0.000529934
-0.000530671
-0.000531403
-0.000532128
-0.000532847
-0.00053356
-0.000534268
-0.000534969
-0.000535665
-0.000536356
-0.000537041
-0.000537721
-0.000538396
-0.000539066
-0.00053973
-0.00054039
-0.000541046
-0.000541696
-0.000542342
-0.000542983
-0.00054362
-0.000544253
-0.000544881
-0.000545505
-0.000546125
-0.000546741
-0.000547353
-0.000547961
-0.000548565
-0.000549166
-0.000549762
-0.000550355
-0.000550945
-0.00055153
-0.000552113
-0.000552691
-0.000553267
-0.000553839
-0.000554408
-0.000554974
-0.000555536
-0.000556095
-0.000556651
-0.000557205
-0.000557755
-0.000558302
-0.000558846
-0.000559388
-0.000559926
-0.000560462
-0.000560995
-0.000561526
-0.000562053
-0.000562578
-0.000563101
-0.000563621
-0.000564138
-0.000564653
-0.000565165
-0.000565675
-0.000566183
-0.000566688
-0.000567191
-0.000567691
-0.000568189
-0.000568685
-0.000569179
-0.000569671
-0.00057016
-0.000570647
-0.000571132
-0.000571615
-0.000572096
-0.000572575
-0.000573052
-0.000573527
-0.000574
-0.000574471
-0.00057494
-0.000575407
-0.000575873
-0.000576336
-0.000576798
-0.000577257
-0.000577715
-0.000578172
-0.000578626
-0.000579079
-0.00057953
-0.000579979
-0.000580427
-0.000580873
-0.000581317
-0.00058176
-0.000582201
-0.00058264
-0.000583078
-0.000583515
-0.000583949
-0.000584383
-0.000584814
-0.000585245
-0.000585673
-0.000586101
-0.000586527
-0.000586951
-0.000587374
-0.000587796
-0.000588216
-0.000588635
-0.000589052
-0.000589468
-0.000589883
-0.000590296
-0.000590708
-0.000591119
-0.000591529
-0.000591937
-0.000592344
-0.00059275
-0.000593154
-0.000593557
-0.000593959
-0.00059436
-0.00059476
-0.000595158
-0.000595555
-0.000595951
-0.000596346
-0.00059674
-0.000597133
-0.000597524
-0.000597914
-0.000598304
-0.000598692
-0.000599079
-0.000599465
-0.00059985
-0.000600234
-0.000600616
-0.000600998
-0.000601379
-0.000601759
-0.000602137
-0.000602515
-0.000602892
-0.000603267
-0.000603642
-0.000604016
-0.000604388
-0.00060476
-0.000605131
-0.000605501
-0.00060587
-0.000606238
-0.000606605
-0.000606971
-0.000607336
-0.000607701
-0.000608064
-0.000608427
-0.000608789
-0.000609149
-0.000609509
-0.000609868
-0.000610227
-0.000610584
-0.000610941
-0.000611296
-0.000611651
-0.000612005
-0.000612359
-0.000612711
-0.000613063
-0.000613414
-0.000613764
-0.000614113
-0.000614461
-0.000614809
-0.000615156
-0.000615502
-0.000615847

Solution para delta = 0.1
0
-0.000219266
-0.00021129
-0.000203441
-0.000195711
-0.000188094
-0.000180585
-0.000173179
-0.000165871
-0.000158655
-0.000151528
-0.000144486
-0.000137524
-0.000130639
-0.000123827
-0.000117086
-0.000110413
-0.000103803
-9.72554e-05
-9.07668e-05
-8.43348e-05
-7.79572e-05
-7.16318e-05
-6.53565e-05
-5.91293e-05
-5.29484e-05
-4.68119e-05
-4.07183e-05
-3.46658e-05
-2.8653e-05
-2.26784e-05
-1.67406e-05
-1.08383e-05
-4.97029e-06
8.64743e-07
6.6679e-06
1.24403e-05
1.8183e-05
2.38969e-05
2.95831e-05
3.52425e-05
4.08759e-05
4.64842e-05
5.20682e-05
5.76287e-05
6.31664e-05
6.8682e-05
7.41763e-05
7.96498e-05
8.51033e-05
9.05373e-05
9.59524e-05
0.000101349
0.000106728
0.00011209
0.000117435
0.000122764
0.000128077
0.000133374
0.000138657
0.000143925
0.000149179
0.000154419
0.000159646
0.00016486
0.000170061
0.00017525
0.000180427
0.000185592
0.000190746
0.000195889
-0.00201448
-0.00189928
-0.00179691
-0.00170534
-0.00162294
-0.0015484
-0.00148064
-0.00141876
-0.00136203
-0.00130981
-0.00126159
-0.0012169
-0.00117537
-0.00113667
-0.0011005
-0.00106661
-0.0010348
-0.00100486
-0.000976628
-0.000949955
-0.000924707
-0.000900766
-0.000878026
-0.000856393
-0.000835782
-0.000816116
-0.000797326
-0.000779349
-0.000762129
-0.000745612
-0.000729753
-0.000714508
-0.000699837
-0.000685705
-0.000672078
-0.000658925
-0.000646218
-0.000633932
-0.000622042
-0.000610525
-0.000599362
-0.000588532
-0.000578019
-0.000567805
-0.000557875
-0.000548214
-0.00053881
-0.000529649
-0.000520719
-0.00051201
-0.000503511
-0.000495213
-0.000487105
-0.000479181
-0.00047143
-0.000463847
-0.000456423
-0.000449152
-0.000442027
-0.000435042
-0.000428192
-0.000421471
-0.000414874
-0.000408395
-0.000402031
-0.000395777
-0.000389629
-0.000383583
-0.000377634
-0.00037178
-0.000366016
-0.00036034
-0.000354749
-0.000349239
-0.000343809
-0.000338454
-0.000333172
-0.000327961
-0.000322819
-0.000317743
-0.000312732
-0.000307782
-0.000302892
-0.000298061
-0.000293286
-0.000288565
-0.000283897
-0.000279281
-0.000274714
-0.000270196
-0.000265724
-0.000261298
-0.000256916
-0.000252576
-0.000248279
-0.000244021
-0.000239803
-0.000235623
-0.000231481
-0.000142765
-0.000146532
-0.000262843
-0.000390699
-0.00051794
-0.000644968
-0.000771469
-0.000881038
-0.000967074
-0.0010361
-0.00109289
-0.00114062
-0.00118146
-0.00121693
-0.00124813
-0.00127588
-0.00130078
-0.00132331
-0.00134384
-0.00136267
-0.00138004
-0.00139613
-0.00141111
-0.00142511
-0.00143824
-0.00145061
-0.00146228
-0.00147332
-0.00148381
-0.00149378
-0.00150329
-0.00151237
-0.00152106
-0.00152939
-0.0015374
-0.00154509
-0.0015525
-0.00155964
-0.00156654
-0.00157321
-0.00157966
-0.00158591
-0.00159197
-0.00159785
-0.00160357
-0.00160912
-0.00161452
-0.00161979
-0.00162491
-0.00162991
-0.00163479
-0.00163955
-0.0016442
-0.00164874
-0.00165319
-0.00165754
-0.0016618
-0.00166597
-0.00167005
-0.00167406
-0.00167798
-0.00168184
-0.00168562
-0.00168933
-0.00169297
-0.00169656
-0.00170008
-0.00170354
-0.00170694
-0.00171029
-0.00171359
-0.00171683
-0.00172003
-0.00172317
-0.00172627
-0.00172933
-0.00173233
-0.0017353
-0.00173823
-0.00174111
-0.00174396
-0.00174677
-0.00174954
-0.00175228
-0.00175498
-0.00175764
-0.00176028
-0.00176288
-0.00176545
-0.00176799
-0.0017705
-0.00177298
-0.00177544
-0.00177786
-0.00178026
-0.00178263
-0.00178498
-0.0017873
-0.0017896
-0.00179187
-0.00179413
-0.00179635
-0.00179856
-0.00180074
-0.0018029
-0.00180504
-0.00180716
-0.00180926
-0.00181135
-0.00181341
-0.00181545
-0.00181747
-0.00181948
-0.00182147
-0.00182344
-0.00182539
-0.00182733
-0.00182925
-0.00183115
-0.00183304
-0.00183491
-0.00183677
-0.00183861
-0.00184044
-0.00184225
-0.00184405
-0.00184584
-0.00184761
-0.00184937
-0.00185111
-0.00185284
-0.00185456
-0.00185627
-0.00185796
-0.00185964
-0.00186131
-0.00186297
-0.00186462
-0.00186625
-0.00186787
-0.00186948
-0.00187109
-0.00187268
-0.00187426
-0.00187582
-0.00187738
-0.00187893
-0.00188047
-0.001882
-0.00188352
-0.00188503
-0.00188653
-0.00188802
-0.0018895
-0.00189097
-0.00189244
-0.00189389
-0.00189534
-0.00189677
-0.0018982
-0.00189962
-0.00190103
-0.00190244
-0.00190383
-0.00190522
-0.0019066
-0.00190798
-0.00190934
-0.0019107
-0.00191205
-0.00191339
-0.00191473
-0.00191606
-0.00191738
-0.00191869
-0.00192
-0.0019213
-0.00192259
-0.00192388
-0.00192516
-0.00192643
-0.0019277
-0.00192896
-0.00193022
-0.00193147
-0.00193271
-0.00193395
-0.00193518
-0.0019364
-0.00193762
-0.00193883
-0.00194004
-0.00194124
-0.00194244
-0.00194363
-0.00194481
-0.00194599
-0.00194716
-0.00194833
-0.0019495
-0.00195065
-0.00195181
-0.00195296
-0.0019541
-0.00195524
-0.00195637
-0.0019575
-0.00195862
-0.00195974
-0.00196085
-0.00196196
-0.00196306
-0.00196416
-0.00196526
-0.00196635
-0.00196743
-0.00196852
-0.00196959
-0.00197067
-0.00197173
-0.0019728
-0.00197386
-0.00197491
-0.00197596
-0.00197701
-0.00197805
-0.00197909
-0.00198013
-0.00198116
-0.00198219
-0.00198321
-0.00198423
-0.00198524
-0.00198626
-0.00198726
-0.00198827
-0.00198927
-0.00199027
-0.00199126
-0.00199225
-0.00199323
-0.00199422
-0.0019952
-0.00199617
-0.00199714
-0.00199811
-0.00199908
-0.00200004
-0.002001
-0.00200195
-0.0020029
-0.00200385
-0.0020048
-0.00200574
-0.00200668
-0.00200761
-0.00200855
-0.00200948
-0.0020104
-0.00201133
-0.00201225
-0.00201316
-0.00201408
-0.00201499
-0.0020159
-0.0020168
-0.00201771
-0.00201861
-0.0020195
-0.0020204
-0.00202129
-0.00202218

Solution para delta = 1
0
-0.000184042
-0.000176075
-0.000168232
-0.000160505
-0.00015289
-0.00014538
-0.000137971
-0.000130657
-0.000123435
-0.000116299
-0.000109246
-0.000102272
-9.53736e-05
-8.85472e-05
-8.17896e-05
-7.5098e-05
-6.84695e-05
-6.19015e-05
-5.53914e-05
-4.89369e-05
-4.25357e-05
-3.61857e-05
-2.98848e-05
-2.36311e-05
-1.74228e-05
-1.12581e-05
-5.13547e-06
9.46785e-07
6.99012e-06
1.2996e-05
1.89657e-05
2.49005e-05
3.08018e-05
3.66706e-05
4.25082e-05
4.83155e-05
5.40936e-05
5.98435e-05
6.55662e-05
7.12625e-05
7.69333e-05
8.25795e-05
8.82017e-05
9.38009e-05
9.93777e-05
0.000104933
0.000110467
0.000115981
0.000121474
0.000126949
0.000132406
0.000137844
0.000143264
0.000148668
0.000154055
0.000159427
0.000164782
0.000170123
0.000175449
0.00018076
0.000186058
0.000191342
0.000196613
0.000201871
0.000207117
0.000212351
0.000217572
0.000222783
0.000227982
0.00023317
-0.00194759
-0.00183488
-0.00173472
-0.00164512
-0.00156449
-0.00149155
-0.00142523
-0.00136466
-0.00130912
-0.001258
-0.00121078
-0.00116702
-0.00112634
-0.00108842
-0.00105299
-0.00101978
-0.000988601
-0.000959253
-0.000931573
-0.000905416
-0.000880652
-0.000857165
-0.000834852
-0.00081362
-0.000793387
-0.000774078
-0.000755625
-0.000737966
-0.000721046
-0.000704814
-0.000689225
-0.000674236
-0.000659808
-0.000645907
-0.000632499
-0.000619554
-0.000607046
-0.000594948
-0.000583238
-0.000571893
-0.000560892
-0.000550219
-0.000539854
-0.000529782
-0.000519987
-0.000510456
-0.000501175
-0.000492132
-0.000483316
-0.000474715
-0.000466319
-0.00045812
-0.000450107
-0.000442272
-0.000434609
-0.000427108
-0.000419763
-0.000412568
-0.000405516
-0.0003986
-0.000391817
-0.000385159
-0.000378623
-0.000372203
-0.000365895
-0.000359694
-0.000353596
-0.000347599
-0.000341696
-0.000335887
-0.000330166
-0.000324531
-0.000318978
-0.000313505
-0.00030811
-0.000302788
-0.000297538
-0.000292358
-0.000287245
-0.000282197
-0.000277211
-0.000272286
-0.00026742
-0.000262611
-0.000257857
-0.000253156
-0.000248507
-0.000243908
-0.000239358
-0.000234855
-0.000230398
-0.000225986
-0.000221616
-0.000217288
-0.000213002
-0.000208754
-0.000204545
-0.000200374
-0.000196239
-0.000142182
-0.000146298
-0.000262717
-0.000390481
-0.000516801
-0.000642463
-0.000767105
-0.000869922
-0.000950471
-0.00101517
-0.00106846
-0.0011133
-0.0011517
-0.00118509
-0.00121448
-0.00124065
-0.00126415
-0.00128543
-0.00130484
-0.00132265
-0.00133908
-0.00135432
-0.00136852
-0.0013818
-0.00139426
-0.00140599
-0.00141707
-0.00142757
-0.00143754
-0.00144702
-0.00145607
-0.00146472
-0.00147299
-0.00148093
-0.00148856
-0.00149589
-0.00150296
-0.00150977
-0.00151636
-0.00152272
-0.00152888
-0.00153485
-0.00154064
-0.00154626
-0.00155172
-0.00155703
-0.0015622
-0.00156724
-0.00157214
-0.00157692
-0.00158159
-0.00158615
-0.0015906
-0.00159496
-0.00159922
-0.00160338
-0.00160747
-0.00161146
-0.00161538
-0.00161922
-0.00162299
-0.00162668
-0.00163031
-0.00163387
-0.00163737
-0.00164081
-0.00164419
-0.00164751
-0.00165078
-0.001654
-0.00165716
-0.00166028
-0.00166335
-0.00166637
-0.00166935
-0.00167228
-0.00167518
-0.00167803
-0.00168084
-0.00168362
-0.00168635
-0.00168905
-0.00169172
-0.00169435
-0.00169695
-0.00169952
-0.00170205
-0.00170455
-0.00170703
-0.00170947
-0.00171189
-0.00171428
-0.00171664
-0.00171898
-0.00172129
-0.00172357
-0.00172583
-0.00172807
-0.00173028
-0.00173247
-0.00173464
-0.00173679
-0.00173891
-0.00174102
-0.0017431
-0.00174516
-0.00174721
-0.00174923
-0.00175124
-0.00175322
-0.00175519
-0.00175714
-0.00175908
-0.001761
-0.0017629
-0.00176478
-0.00176665
-0.0017685
-0.00177034
-0.00177216
-0.00177397
-0.00177576
-0.00177754
-0.0017793
-0.00178105
-0.00178278
-0.00178451
-0.00178622
-0.00178791
-0.0017896
-0.00179127
-0.00179293
-0.00179457
-0.00179621
-0.00179783
-0.00179944
-0.00180104
-0.00180263
-0.00180421
-0.00180578
-0.00180734
-0.00180888
-0.00181042
-0.00181194
-0.00181346
-0.00181496
-0.00181646
-0.00181795
-0.00181942
-0.00182089
-0.00182235
-0.0018238
-0.00182524
-0.00182667
-0.00182809
-0.00182951
-0.00183091
-0.00183231
-0.0018337
-0.00183508
-0.00183645
-0.00183782
-0.00183918
-0.00184053
-0.00184187
-0.0018432
-0.00184453
-0.00184585
-0.00184716
-0.00184847
-0.00184977
-0.00185106
-0.00185234
-0.00185362
-0.00185489
-0.00185616
-0.00185741
-0.00185867
-0.00185991
-0.00186115
-0.00186238
-0.00186361
-0.00186483
-0.00186604
-0.00186725
-0.00186845
-0.00186965
-0.00187084
-0.00187202
-0.0018732
-0.00187438
-0.00187554
-0.00187671
-0.00187786
-0.00187902
-0.00188016
-0.0018813
-0.00188244
-0.00188357
-0.0018847
-0.00188582
-0.00188694
-0.00188805
-0.00188915
-0.00189025
-0.00189135
-0.00189244
-0.00189353
-0.00189461
-0.00189569
-0.00189676
-0.00189783
-0.0018989
-0.00189996
-0.00190101
-0.00190207
-0.00190311
-0.00190416
-0.00190519
-0.00190623
-0.00190726
-0.00190829
-0.00190931
-0.00191033
-0.00191134
-0.00191235
-0.00191336
-0.00191436
-0.00191536
-0.00191636
-0.00191735
-0.00191833
-0.00191932
-0.0019203
-0.00192128
-0.00192225
-0.00192322
-0.00192418
-0.00192515
-0.00192611
-0.00192706
-0.00192801
-0.00192896
-0.00192991
-0.00193085
-0.00193179
-0.00193272
-0.00193366
-0.00193458
-0.00193551
-0.00193643
-0.00193735
-0.00193827
-0.00193918
-0.00194009
-0.001941
-0.0019419
-0.0019428
-0.0019437
-0.0019446
-0.00194549
-0.00194638
-0.00194727
-0.00194815
-0.00194903
-0.00194991
-0.00195078
-0.00195166
-0.00195253
-0.00195339
-0.00195426
-0.00195512

Solution para delta = 10
0
-0.000181209
-0.000173242
-0.000165399
-0.000157673
-0.000150057
-0.000142547
-0.000135138
-0.000127824
-0.0001206
-0.000113464
-0.00010641
-9.94347e-05
-9.25349e-05
-8.57072e-05
-7.89482e-05
-7.2255e-05
-6.56249e-05
-5.90552e-05
-5.25433e-05
-4.60869e-05
-3.96837e-05
-3.33316e-05
-2.70286e-05
-2.07727e-05
-1.45621e-05
-8.39508e-06
-2.27001e-06
3.8147e-06
9.86055e-06
1.5869e-05
2.18413e-05
2.77788e-05
3.36828e-05
3.95544e-05
4.53948e-05
5.12049e-05
5.6986e-05
6.27388e-05
6.84645e-05
7.41638e-05
7.98376e-05
8.54868e-05
9.11122e-05
9.67145e-05
0.000102294
0.000107853
0.00011339
0.000118907
0.000124404
0.000129882
0.000135342
0.000140783
0.000146208
0.000151615
0.000157005
0.00016238
0.000167739
0.000173083
0.000178412
0.000183727
0.000189029
0.000194316
0.000199591
0.000204853
0.000210102
0.000215339
0.000220565
0.000225779
0.000230981
0.000236173
-0.0019423
-0.00182978
-0.00172979
-0.00164035
-0.00155986
-0.00148704
-0.00142083
-0.00136037
-0.00130492
-0.00125388
-0.00120674
-0.00116305
-0.00112244
-0.00108459
-0.0010492
-0.00101605
-0.000984921
-0.000955619
-0.000927982
-0.000901865
-0.000877138
-0.000853686
-0.000831406
-0.000810206
-0.000790003
-0.000770721
-0.000752294
-0.000734659
-0.000717763
-0.000701554
-0.000685985
-0.000671016
-0.000656607
-0.000642723
-0.000629332
-0.000616404
-0.000603911
-0.000591828
-0.000580131
-0.000568799
-0.000557812
-0.00054715
-0.000536797
-0.000526736
-0.000516952
-0.00050743
-0.000498159
-0.000489125
-0.000480317
-0.000471725
-0.000463337
-0.000455145
-0.000447139
-0.000439312
-0.000431655
-0.000424161
-0.000416822
-0.000409632
-0.000402586
-0.000395676
-0.000388897
-0.000382245
-0.000375713
-0.000369297
-0.000362993
-0.000356796
-0.000350703
-0.000344709
-0.00033881
-0.000333004
-0.000327286
-0.000321654
-0.000316104
-0.000310634
-0.000305241
-0.000299922
-0.000294675
-0.000289497
-0.000284386
-0.00027934
-0.000274356
-0.000269433
-0.000264569
-0.000259761
-0.000255009
-0.00025031
-0.000245662
-0.000241064
-0.000236516
-0.000232014
-0.000227558
-0.000223146
-0.000218777
-0.000214451
-0.000210164
-0.000205918
-0.000201709
-0.000197538
-0.000193404
-0.000141925
-0.000146033
-0.000262532
-0.000390185
-0.000515902
-0.000641061
-0.000765313
-0.000867784
-0.000948067
-0.00101256
-0.00106567
-0.00111037
-0.00114865
-0.00118193
-0.00121124
-0.00123732
-0.00126075
-0.00128196
-0.00130131
-0.00131907
-0.00133545
-0.00135065
-0.0013648
-0.00137804
-0.00139046
-0.00140216
-0.00141321
-0.00142368
-0.00143362
-0.00144307
-0.00145209
-0.00146071
-0.00146897
-0.00147688
-0.00148448
-0.0014918
-0.00149884
-0.00150564
-0.0015122
-0.00151855
-0.00152469
-0.00153065
-0.00153642
-0.00154202
-0.00154747
-0.00155277
-0.00155792
-0.00156294
-0.00156783
-0.0015726
-0.00157725
-0.0015818
-0.00158624
-0.00159058
-0.00159483
-0.00159899
-0.00160305
-0.00160704
-0.00161095
-0.00161478
-0.00161853
-0.00162222
-0.00162584
-0.00162939
-0.00163288
-0.00163631
-0.00163968
-0.00164299
-0.00164625
-0.00164946
-0.00165262
-0.00165572
-0.00165878
-0.0016618
-0.00166477
-0.00166769
-0.00167058
-0.00167342
-0.00167623
-0.001679
-0.00168173
-0.00168442
-0.00168708
-0.0016897
-0.00169229
-0.00169485
-0.00169738
-0.00169988
-0.00170235
-0.00170479
-0.0017072
-0.00170958
-0.00171193
-0.00171426
-0.00171657
-0.00171885
-0.0017211
-0.00172333
-0.00172554
-0.00172772
-0.00172989
-0.00173203
-0.00173415
-0.00173624
-0.00173832
-0.00174038
-0.00174242
-0.00174444
-0.00174644
-0.00174842
-0.00175038
-0.00175233
-0.00175426
-0.00175617
-0.00175807
-0.00175995
-0.00176181
-0.00176366
-0.00176549
-0.00176731
-0.00176911
-0.0017709
-0.00177267
-0.00177443
-0.00177617
-0.0017779
-0.00177962
-0.00178133
-0.00178302
-0.0017847
-0.00178637
-0.00178802
-0.00178966
-0.00179129
-0.00179291
-0.00179452
-0.00179612
-0.0017977
-0.00179928
-0.00180084
-0.00180239
-0.00180393
-0.00180547
-0.00180699
-0.0018085
-0.00181
-0.00181149
-0.00181298
-0.00181445
-0.00181591
-0.00181737
-0.00181881
-0.00182025
-0.00182168
-0.0018231
-0.00182451
-0.00182591
-0.0018273
-0.00182869
-0.00183007
-0.00183144
-0.0018328
-0.00183415
-0.0018355
-0.00183684
-0.00183817
-0.00183949
-0.00184081
-0.00184212
-0.00184342
-0.00184472
-0.001846
-0.00184729
-0.00184856
-0.00184983
-0.00185109
-0.00185234
-0.00185359
-0.00185483
-0.00185607
-0.0018573
-0.00185852
-0.00185974
-0.00186095
-0.00186216
-0.00186336
-0.00186455
-0.00186574
-0.00186692
-0.00186809
-0.00186927
-0.00187043
-0.00187159
-0.00187274
-0.00187389
-0.00187504
-0.00187618
-0.00187731
-0.00187844
-0.00187956
-0.00188068
-0.00188179
-0.0018829
-0.00188401
-0.0018851
-0.0018862
-0.00188729
-0.00188837
-0.00188945
-0.00189053
-0.0018916
-0.00189266
-0.00189373
-0.00189478
-0.00189584
-0.00189689
-0.00189793
-0.00189897
-0.00190001
-0.00190104
-0.00190207
-0.00190309
-0.00190411
-0.00190513
-0.00190614
-0.00190715
-0.00190815
-0.00190915
-0.00191015
-0.00191114
-0.00191213
-0.00191312
-0.0019141
-0.00191508
-0.00191605
-0.00191702
-0.00191799
-0.00191895
-0.00191991
-0.00192087
-0.00192182
-0.00192277
-0.00192372
-0.00192466
-0.0019256
-0.00192654
-0.00192747
-0.0019284
-0.00192933
-0.00193025
-0.00193117
-0.00193209
-0.001933
-0.00193391
-0.00193482
-0.00193573
-0.00193663
-0.00193753
-0.00193842
-0.00193932
-0.00194021
-0.00194109
-0.00194198
-0.00194286
-0.00194374
-0.00194462
-0.00194549
-0.00194636
-0.00194723
-0.00194809
-0.00194895
-0.00194981

Solution para delta = 100
0
-0.000180945
-0.000172978
-0.000165135
-0.000157409
-0.000149793
-0.000142284
-0.000134874
-0.00012756
-0.000120336
-0.0001132
-0.000106146
-9.91706e-05
-9.22707e-05
-8.54428e-05
-7.86837e-05
-7.19904e-05
-6.53601e-05
-5.87902e-05
-5.22782e-05
-4.58216e-05
-3.94182e-05
-3.30659e-05
-2.67627e-05
-2.05066e-05
-1.42958e-05
-8.12857e-06
-2.00327e-06
4.08167e-06
1.01278e-05
1.61364e-05
2.2109e-05
2.80468e-05
3.3951e-05
3.98228e-05
4.56635e-05
5.14739e-05
5.72552e-05
6.30083e-05
6.87343e-05
7.44338e-05
8.0108e-05
8.57575e-05
9.13832e-05
9.69857e-05
0.000102566
0.000108125
0.000113662
0.000119179
0.000124677
0.000130155
0.000135615
0.000141057
0.000146482
0.000151889
0.00015728
0.000162655
0.000168014
0.000173359
0.000178688
0.000184004
0.000189305
0.000194593
0.000199868
0.00020513
0.00021038
0.000215617
0.000220843
0.000226057
0.000231261
0.000236453
-0.00194181
-0.00182931
-0.00172934
-0.0016399
-0.00155943
-0.00148662
-0.00142042
-0.00135997
-0.00130453
-0.0012535
-0.00120636
-0.00116268
-0.00112208
-0.00108423
-0.00104885
-0.00101571
-0.000984579
-0.000955281
-0.000927648
-0.000901535
-0.000876811
-0.000853363
-0.000831086
-0.000809889
-0.000789688
-0.000770409
-0.000751984
-0.000734352
-0.000717458
-0.00070125
-0.000685684
-0.000670716
-0.000656309
-0.000642427
-0.000629038
-0.000616111
-0.000603619
-0.000591538
-0.000579842
-0.000568511
-0.000557525
-0.000546865
-0.000536512
-0.000526452
-0.000516669
-0.000507149
-0.000497879
-0.000488846
-0.000480038
-0.000471447
-0.00046306
-0.000454868
-0.000446863
-0.000439037
-0.00043138
-0.000423886
-0.000416548
-0.000409359
-0.000402313
-0.000395404
-0.000388625
-0.000381973
-0.000375442
-0.000369027
-0.000362723
-0.000356527
-0.000350434
-0.00034444
-0.000338542
-0.000332735
-0.000327018
-0.000321386
-0.000315837
-0.000310367
-0.000304974
-0.000299656
-0.000294409
-0.000289231
-0.00028412
-0.000279074
-0.000274091
-0.000269168
-0.000264304
-0.000259496
-0.000254744
-0.000250045
-0.000245397
-0.0002408
-0.000236251
-0.000231749
-0.000227293
-0.000222882
-0.000218513
-0.000214186
-0.0002099
-0.000205654
-0.000201446
-0.000197275
-0.00019314
-0.000141777
-0.00014586
-0.000262363
-0.00038999
-0.000515662
-0.000640793
-0.000765027
-0.000867484
-0.000947757
-0.00101224
-0.00106535
-0.00111003
-0.00114831
-0.00118159
-0.00121089
-0.00123697
-0.00126039
-0.0012816
-0.00130095
-0.0013187
-0.00133508
-0.00135028
-0.00136443
-0.00137766
-0.00139008
-0.00140178
-0.00141283
-0.00142329
-0.00143323
-0.00144269
-0.0014517
-0.00146032
-0.00146857
-0.00147649
-0.00148409
-0.0014914
-0.00149845
-0.00150524
-0.0015118
-0.00151815
-0.00152429
-0.00153024
-0.00153601
-0.00154162
-0.00154706
-0.00155236
-0.00155751
-0.00156253
-0.00156742
-0.00157219
-0.00157684
-0.00158139
-0.00158583
-0.00159017
-0.00159441
-0.00159857
-0.00160264
-0.00160662
-0.00161053
-0.00161435
-0.00161811
-0.00162179
-0.00162541
-0.00162896
-0.00163245
-0.00163588
-0.00163925
-0.00164256
-0.00164582
-0.00164903
-0.00165219
-0.00165529
-0.00165835
-0.00166137
-0.00166434
-0.00166726
-0.00167015
-0.00167299
-0.0016758
-0.00167856
-0.00168129
-0.00168398
-0.00168664
-0.00168927
-0.00169186
-0.00169442
-0.00169694
-0.00169944
-0.00170191
-0.00170435
-0.00170676
-0.00170914
-0.00171149
-0.00171382
-0.00171613
-0.0017184
-0.00172066
-0.00172289
-0.00172509
-0.00172728
-0.00172944
-0.00173158
-0.0017337
-0.0017358
-0.00173787
-0.00173993
-0.00174197
-0.00174399
-0.00174599
-0.00174797
-0.00174993
-0.00175188
-0.00175381
-0.00175572
-0.00175762
-0.00175949
-0.00176136
-0.0017632
-0.00176504
-0.00176685
-0.00176865
-0.00177044
-0.00177221
-0.00177397
-0.00177572
-0.00177745
-0.00177917
-0.00178087
-0.00178256
-0.00178424
-0.00178591
-0.00178756
-0.0017892
-0.00179083
-0.00179245
-0.00179406
-0.00179566
-0.00179724
-0.00179882
-0.00180038
-0.00180193
-0.00180347
-0.001805
-0.00180653
-0.00180804
-0.00180954
-0.00181103
-0.00181251
-0.00181399
-0.00181545
-0.0018169
-0.00181835
-0.00181978
-0.00182121
-0.00182263
-0.00182404
-0.00182544
-0.00182684
-0.00182822
-0.0018296
-0.00183097
-0.00183233
-0.00183368
-0.00183503
-0.00183637
-0.0018377
-0.00183902
-0.00184034
-0.00184165
-0.00184295
-0.00184425
-0.00184553
-0.00184681
-0.00184809
-0.00184936
-0.00185062
-0.00185187
-0.00185312
-0.00185436
-0.0018556
-0.00185683
-0.00185805
-0.00185927
-0.00186048
-0.00186168
-0.00186288
-0.00186407
-0.00186526
-0.00186644
-0.00186762
-0.00186879
-0.00186995
-0.00187111
-0.00187227
-0.00187342
-0.00187456
-0.0018757
-0.00187683
-0.00187796
-0.00187908
-0.0018802
-0.00188131
-0.00188242
-0.00188353
-0.00188462
-0.00188572
-0.00188681
-0.00188789
-0.00188897
-0.00189005
-0.00189112
-0.00189218
-0.00189325
-0.0018943
-0.00189536
-0.0018964
-0.00189745
-0.00189849
-0.00189953
-0.00190056
-0.00190159
-0.00190261
-0.00190363
-0.00190464
-0.00190566
-0.00190666
-0.00190767
-0.00190867
-0.00190966
-0.00191066
-0.00191165
-0.00191263
-0.00191361
-0.00191459
-0.00191556
-0.00191654
-0.0019175
-0.00191847
-0.00191943
-0.00192038
-0.00192133
-0.00192228
-0.00192323
-0.00192417
-0.00192511
-0.00192605
-0.00192698
-0.00192791
-0.00192884
-0.00192976
-0.00193068
-0.0019316
-0.00193251
-0.00193342
-0.00193433
-0.00193524
-0.00193614
-0.00193704
-0.00193793
-0.00193883
-0.00193972
-0.0019406
-0.00194149
-0.00194237
-0.00194325
-0.00194412
-0.001945
-0.00194587
-0.00194673
-0.0019476
-0.00194846
-0.00194932

Solution para delta = 1000
0
-0.000180928
-0.000172961
-0.000165118
-0.000157392
-0.000149776
-0.000142266
-0.000134857
-0.000127543
-0.000120319
-0.000113183
-0.000106129
-9.91535e-05
-9.22536e-05
-8.54257e-05
-7.86665e-05
-7.19732e-05
-6.5343e-05
-5.87731e-05
-5.2261e-05
-4.58044e-05
-3.9401e-05
-3.30487e-05
-2.67455e-05
-2.04893e-05
-1.42785e-05
-8.1113e-06
-1.986e-06
4.09896e-06
1.01451e-05
1.61537e-05
2.21263e-05
2.80641e-05
3.39684e-05
3.98402e-05
4.56809e-05
5.14913e-05
5.72726e-05
6.30258e-05
6.87517e-05
7.44513e-05
8.01255e-05
8.5775e-05
9.14007e-05
9.70033e-05
0.000102584
0.000108142
0.00011368
0.000119197
0.000124695
0.000130173
0.000135633
0.000141075
0.000146499
0.000151907
0.000157298
0.000162673
0.000168032
0.000173376
0.000178706
0.000184022
0.000189323
0.000194611
0.000199886
0.000205148
0.000210398
0.000215635
0.000220861
0.000226075
0.000231279
0.000236471
-0.00194178
-0.00182928
-0.00172931
-0.00163988
-0.0015594
-0.00148659
-0.00142039
-0.00135994
-0.0013045
-0.00125348
-0.00120634
-0.00116266
-0.00112205
-0.00108421
-0.00104883
-0.00101568
-0.000984557
-0.000955259
-0.000927626
-0.000901513
-0.00087679
-0.000853342
-0.000831065
-0.000809868
-0.000789667
-0.000770388
-0.000751964
-0.000734332
-0.000717438
-0.000701231
-0.000685664
-0.000670697
-0.00065629
-0.000642408
-0.000629018
-0.000616092
-0.0006036
-0.000591519
-0.000579824
-0.000568493
-0.000557507
-0.000546846
-0.000536494
-0.000526434
-0.000516651
-0.000507131
-0.00049786
-0.000488827
-0.00048002
-0.000471429
-0.000463042
-0.00045485
-0.000446845
-0.000439019
-0.000431362
-0.000423868
-0.00041653
-0.000409341
-0.000402295
-0.000395386
-0.000388608
-0.000381956
-0.000375424
-0.000369009
-0.000362706
-0.000356509
-0.000350416
-0.000344422
-0.000338524
-0.000332718
-0.000327001
-0.000321369
-0.00031582
-0.00031035
-0.000304957
-0.000299638
-0.000294391
-0.000289214
-0.000284103
-0.000279057
-0.000274073
-0.000269151
-0.000264286
-0.000259479
-0.000254727
-0.000250027
-0.00024538
-0.000240783
-0.000236234
-0.000231732
-0.000227276
-0.000222865
-0.000218496
-0.000214169
-0.000209883
-0.000205637
-0.000201428
-0.000197257
-0.000193123
-0.000141759
-0.000145839
-0.000262341
-0.000389968
-0.000515639
-0.00064077
-0.000765004
-0.00086746
-0.000947733
-0.00101221
-0.00106532
-0.00111001
-0.00114829
-0.00118157
-0.00121087
-0.00123694
-0.00126037
-0.00128158
-0.00130092
-0.00131868
-0.00133506
-0.00135025
-0.0013644
-0.00137764
-0.00139006
-0.00140176
-0.0014128
-0.00142327
-0.0014332
-0.00144266
-0.00145168
-0.0014603
-0.00146855
-0.00147646
-0.00148406
-0.00149137
-0.00149842
-0.00150521
-0.00151178
-0.00151812
-0.00152426
-0.00153022
-0.00153599
-0.00154159
-0.00154704
-0.00155233
-0.00155748
-0.0015625
-0.00156739
-0.00157216
-0.00157681
-0.00158136
-0.0015858
-0.00159014
-0.00159439
-0.00159854
-0.00160261
-0.00160659
-0.0016105
-0.00161433
-0.00161808
-0.00162177
-0.00162538
-0.00162894
-0.00163242
-0.00163585
-0.00163922
-0.00164254
-0.0016458
-0.001649
-0.00165216
-0.00165527
-0.00165833
-0.00166134
-0.00166431
-0.00166723
-0.00167012
-0.00167296
-0.00167577
-0.00167853
-0.00168126
-0.00168396
-0.00168661
-0.00168924
-0.00169183
-0.00169439
-0.00169691
-0.00169941
-0.00170188
-0.00170432
-0.00170673
-0.00170911
-0.00171146
-0.00171379
-0.0017161
-0.00171837
-0.00172063
-0.00172286
-0.00172507
-0.00172725
-0.00172941
-0.00173155
-0.00173367
-0.00173577
-0.00173785
-0.0017399
-0.00174194
-0.00174396
-0.00174596
-0.00174794
-0.0017499
-0.00175185
-0.00175378
-0.00175569
-0.00175759
-0.00175946
-0.00176133
-0.00176317
-0.00176501
-0.00176682
-0.00176862
-0.00177041
-0.00177218
-0.00177394
-0.00177569
-0.00177742
-0.00177914
-0.00178084
-0.00178253
-0.00178421
-0.00178588
-0.00178753
-0.00178917
-0.0017908
-0.00179242
-0.00179403
-0.00179563
-0.00179721
-0.00179879
-0.00180035
-0.0018019
-0.00180344
-0.00180497
-0.0018065
-0.00180801
-0.00180951
-0.001811
-0.00181248
-0.00181396
-0.00181542
-0.00181687
-0.00181832
-0.00181975
-0.00182118
-0.0018226
-0.00182401
-0.00182541
-0.00182681
-0.00182819
-0.00182957
-0.00183094
-0.0018323
-0.00183365
-0.001835
-0.00183634
-0.00183767
-0.00183899
-0.00184031
-0.00184162
-0.00184292
-0.00184422
-0.0018455
-0.00184678
-0.00184806
-0.00184933
-0.00185059
-0.00185184
-0.00185309
-0.00185433
-0.00185557
-0.0018568
-0.00185802
-0.00185924
-0.00186045
-0.00186165
-0.00186285
-0.00186404
-0.00186523
-0.00186641
-0.00186759
-0.00186876
-0.00186992
-0.00187108
-0.00187224
-0.00187339
-0.00187453
-0.00187567
-0.0018768
-0.00187793
-0.00187905
-0.00188017
-0.00188128
-0.00188239
-0.0018835
-0.00188459
-0.00188569
-0.00188678
-0.00188786
-0.00188894
-0.00189002
-0.00189109
-0.00189215
-0.00189321
-0.00189427
-0.00189533
-0.00189637
-0.00189742
-0.00189846
-0.00189949
-0.00190053
-0.00190155
-0.00190258
-0.0019036
-0.00190461
-0.00190563
-0.00190663
-0.00190764
-0.00190864
-0.00190963
-0.00191063
-0.00191161
-0.0019126
-0.00191358
-0.00191456
-0.00191553
-0.0019165
-0.00191747
-0.00191843
-0.00191939
-0.00192035
-0.0019213
-0.00192225
-0.0019232
-0.00192414
-0.00192508
-0.00192602
-0.00192695
-0.00192788
-0.00192881
-0.00192973
-0.00193065
-0.00193157
-0.00193248
-0.00193339
-0.0019343
-0.00193521
-0.00193611
-0.00193701
-0.0019379
-0.00193879
-0.00193968
-0.00194057
-0.00194146
-0.00194234
-0.00194322
-0.00194409
-0.00194496
-0.00194583
-0.0019467
-0.00194757
-0.00194843
-0.00194929

Solution para delta = 10000
0
-0.000180927
-0.00017296
-0.000165117
-0.000157391
-0.000149775
-0.000142265
-0.000134856
-0.000127542
-0.000120318
-0.000113182
-0.000106128
-9.91523e-05
-9.22524e-05
-8.54245e-05
-7.86654e-05
-7.19721e-05
-6.53418e-05
-5.87719e-05
-5.22598e-05
-4.58032e-05
-3.93998e-05
-3.30475e-05
-2.67443e-05
-2.04882e-05
-1.42774e-05
-8.11013e-06
-1.98482e-06
4.10013e-06
1.01462e-05
1.61549e-05
2.21275e-05
2.80653e-05
3.39695e-05
3.98414e-05
4.56821e-05
5.14925e-05
5.72738e-05
6.3027e-05
6.87529e-05
7.44525e-05
8.01267e-05
8.57762e-05
9.14019e-05
9.70045e-05
0.000102585
0.000108143
0.000113681
0.000119198
0.000124696
0.000130174
0.000135634
0.000141076
0.0001465
0.000151908
0.000157299
0.000162674
0.000168033
0.000173378
0.000178707
0.000184023
0.000189324
0.000194612
0.000199887
0.000205149
0.000210399
0.000215637
0.000220862
0.000226077
0.00023128
0.000236472
-0.00194178
-0.00182928
-0.0017293
-0.00163987
-0.0015594
-0.00148659
-0.00142039
-0.00135994
-0.0013045
-0.00125347
-0.00120634
-0.00116266
-0.00112205
-0.0010842
-0.00104883
-0.00101568
-0.000984555
-0.000955257
-0.000927625
-0.000901512
-0.000876789
-0.00085334
-0.000831064
-0.000809867
-0.000789666
-0.000770387
-0.000751962
-0.000734331
-0.000717436
-0.000701229
-0.000685663
-0.000670696
-0.000656289
-0.000642407
-0.000629017
-0.00061609
-0.000603599
-0.000591517
-0.000579822
-0.000568492
-0.000557505
-0.000546845
-0.000536493
-0.000526433
-0.00051665
-0.000507129
-0.000497859
-0.000488826
-0.000480019
-0.000471427
-0.00046304
-0.000454849
-0.000446844
-0.000439018
-0.000431361
-0.000423867
-0.000416529
-0.00040934
-0.000402294
-0.000395385
-0.000388607
-0.000381955
-0.000375423
-0.000369008
-0.000362704
-0.000356508
-0.000350415
-0.000344421
-0.000338523
-0.000332717
-0.000327
-0.000321368
-0.000315818
-0.000310349
-0.000304956
-0.000299637
-0.00029439
-0.000289213
-0.000284102
-0.000279056
-0.000274072
-0.000269149
-0.000264285
-0.000259478
-0.000254725
-0.000250026
-0.000245379
-0.000240781
-0.000236233
-0.000231731
-0.000227275
-0.000222863
-0.000218495
-0.000214168
-0.000209882
-0.000205635
-0.000201427
-0.000197256
-0.000193122
-0.000141758
-0.000145837
-0.00026234
-0.000389966
-0.000515637
-0.000640768
-0.000765002
-0.000867458
-0.000947731
-0.00101221
-0.00106532
-0.00111001
-0.00114829
-0.00118156
-0.00121086
-0.00123694
-0.00126036
-0.00128158
-0.00130092
-0.00131867
-0.00133506
-0.00135025
-0.0013644
-0.00137763
-0.00139006
-0.00140175
-0.0014128
-0.00142327
-0.0014332
-0.00144266
-0.00145168
-0.00146029
-0.00146855
-0.00147646
-0.00148406
-0.00149137
-0.00149842
-0.00150521
-0.00151178
-0.00151812
-0.00152426
-0.00153021
-0.00153599
-0.00154159
-0.00154703
-0.00155233
-0.00155748
-0.0015625
-0.00156739
-0.00157216
-0.00157681
-0.00158136
-0.0015858
-0.00159014
-0.00159438
-0.00159854
-0.00160261
-0.00160659
-0.0016105
-0.00161433
-0.00161808
-0.00162177
-0.00162538
-0.00162893
-0.00163242
-0.00163585
-0.00163922
-0.00164253
-0.00164579
-0.001649
-0.00165216
-0.00165526
-0.00165832
-0.00166134
-0.00166431
-0.00166723
-0.00167012
-0.00167296
-0.00167577
-0.00167853
-0.00168126
-0.00168395
-0.00168661
-0.00168924
-0.00169183
-0.00169439
-0.00169691
-0.00169941
-0.00170188
-0.00170431
-0.00170672
-0.00170911
-0.00171146
-0.00171379
-0.00171609
-0.00171837
-0.00172063
-0.00172286
-0.00172506
-0.00172725
-0.00172941
-0.00173155
-0.00173367
-0.00173577
-0.00173784
-0.0017399
-0.00174194
-0.00174396
-0.00174596
-0.00174794
-0.0017499
-0.00175185
-0.00175378
-0.00175569
-0.00175758
-0.00175946
-0.00176133
-0.00176317
-0.001765
-0.00176682
-0.00176862
-0.00177041
-0.00177218
-0.00177394
-0.00177569
-0.00177742
-0.00177913
-0.00178084
-0.00178253
-0.00178421
-0.00178588
-0.00178753
-0.00178917
-0.0017908
-0.00179242
-0.00179403
-0.00179562
-0.00179721
-0.00179878
-0.00180035
-0.0018019
-0.00180344
-0.00180497
-0.00180649
-0.001808
-0.00180951
-0.001811
-0.00181248
-0.00181395
-0.00181542
-0.00181687
-0.00181832
-0.00181975
-0.00182118
-0.0018226
-0.00182401
-0.00182541
-0.00182681
-0.00182819
-0.00182957
-0.00183094
-0.0018323
-0.00183365
-0.001835
-0.00183634
-0.00183767
-0.00183899
-0.00184031
-0.00184162
-0.00184292
-0.00184421
-0.0018455
-0.00184678
-0.00184806
-0.00184932
-0.00185058
-0.00185184
-0.00185309
-0.00185433
-0.00185556
-0.00185679
-0.00185802
-0.00185923
-0.00186044
-0.00186165
-0.00186285
-0.00186404
-0.00186523
-0.00186641
-0.00186759
-0.00186876
-0.00186992
-0.00187108
-0.00187224
-0.00187338
-0.00187453
-0.00187567
-0.0018768
-0.00187793
-0.00187905
-0.00188017
-0.00188128
-0.00188239
-0.00188349
-0.00188459
-0.00188569
-0.00188677
-0.00188786
-0.00188894
-0.00189001
-0.00189108
-0.00189215
-0.00189321
-0.00189427
-0.00189532
-0.00189637
-0.00189742
-0.00189846
-0.00189949
-0.00190052
-0.00190155
-0.00190258
-0.0019036
-0.00190461
-0.00190562
-0.00190663
-0.00190763
-0.00190864
-0.00190963
-0.00191062
-0.00191161
-0.0019126
-0.00191358
-0.00191456
-0.00191553
-0.0019165
-0.00191747
-0.00191843
-0.00191939
-0.00192035
-0.0019213
-0.00192225
-0.0019232
-0.00192414
-0.00192508
-0.00192602
-0.00192695
-0.00192788
-0.00192881
-0.00192973
-0.00193065
-0.00193157
-0.00193248
-0.00193339
-0.0019343
-0.0019352
-0.00193611
-0.001937
-0.0019379
-0.00193879
-0.00193968
-0.00194057
-0.00194145
-0.00194234
-0.00194321
-0.00194409
-0.00194496
-0.00194583
-0.0019467
-0.00194756
-0.00194843
-0.00194929

Solution para delta = 100000
0
-0.000180927
-0.00017296
-0.000165117
-0.00015739
-0.000149775
-0.000142265
-0.000134856
-0.000127541
-0.000120318
-0.000113181
-0.000106127
-9.91522e-05
-9.22523e-05
-8.54244e-05
-7.86653e-05
-7.1972e-05
-6.53417e-05
-5.87718e-05
-5.22597e-05
-4.58031e-05
-3.93997e-05
-3.30474e-05
-2.67442e-05
-2.04881e-05
-1.42773e-05
-8.11002e-06
-1.98471e-06
4.10024e-06
1.01463e-05
1.6155e-05
2.21276e-05
2.80654e-05
3.39696e-05
3.98415e-05
4.56822e-05
5.14926e-05
5.72739e-05
6.30271e-05
6.8753e-05
7.44526e-05
8.01268e-05
8.57763e-05
9.1402e-05
9.70046e-05
0.000102585
0.000108143
0.000113681
0.000119198
0.000124696
0.000130174
0.000135634
0.000141076
0.000146501
0.000151908
0.000157299
0.000162674
0.000168033
0.000173378
0.000178707
0.000184023
0.000189324
0.000194612
0.000199887
0.000205149
0.000210399
0.000215637
0.000220862
0.000226077
0.00023128
0.000236472
-0.00194178
-0.00182928
-0.0017293
-0.00163987
-0.0015594
-0.00148659
-0.00142039
-0.00135994
-0.0013045
-0.00125347
-0.00120634
-0.00116266
-0.00112205
-0.0010842
-0.00104883
-0.00101568
-0.000984555
-0.000955257
-0.000927625
-0.000901512
-0.000876788
-0.00085334
-0.000831064
-0.000809866
-0.000789666
-0.000770387
-0.000751962
-0.000734331
-0.000717436
-0.000701229
-0.000685663
-0.000670695
-0.000656288
-0.000642406
-0.000629017
-0.00061609
-0.000603599
-0.000591517
-0.000579822
-0.000568491
-0.000557505
-0.000546845
-0.000536493
-0.000526433
-0.000516649
-0.000507129
-0.000497859
-0.000488826
-0.000480019
-0.000471427
-0.00046304
-0.000454849
-0.000446844
-0.000439017
-0.000431361
-0.000423867
-0.000416529
-0.00040934
-0.000402294
-0.000395385
-0.000388607
-0.000381954
-0.000375423
-0.000369008
-0.000362704
-0.000356508
-0.000350415
-0.000344421
-0.000338523
-0.000332717
-0.000326999
-0.000321368
-0.000315818
-0.000310349
-0.000304956
-0.000299637
-0.00029439
-0.000289212
-0.000284102
-0.000279056
-0.000274072
-0.000269149
-0.000264285
-0.000259478
-0.000254725
-0.000250026
-0.000245379
-0.000240781
-0.000236233
-0.000231731
-0.000227275
-0.000222863
-0.000218495
-0.000214168
-0.000209882
-0.000205635
-0.000201427
-0.000197256
-0.000193122
-0.000141758
-0.000145837
-0.000262339
-0.000389966
-0.000515637
-0.000640768
-0.000765002
-0.000867458
-0.000947731
-0.00101221
-0.00106532
-0.00111001
-0.00114829
-0.00118156
-0.00121086
-0.00123694
-0.00126036
-0.00128158
-0.00130092
-0.00131867
-0.00133506
-0.00135025
-0.0013644
-0.00137763
-0.00139006
-0.00140175
-0.0014128
-0.00142327
-0.0014332
-0.00144266
-0.00145168
-0.00146029
-0.00146855
-0.00147646
-0.00148406
-0.00149137
-0.00149842
-0.00150521
-0.00151177
-0.00151812
-0.00152426
-0.00153021
-0.00153599
-0.00154159
-0.00154703
-0.00155233
-0.00155748
-0.0015625
-0.00156739
-0.00157216
-0.00157681
-0.00158136
-0.0015858
-0.00159014
-0.00159438
-0.00159854
-0.00160261
-0.00160659
-0.0016105
-0.00161433
-0.00161808
-0.00162176
-0.00162538
-0.00162893
-0.00163242
-0.00163585
-0.00163922
-0.00164253
-0.00164579
-0.001649
-0.00165216
-0.00165526
-0.00165832
-0.00166134
-0.00166431
-0.00166723
-0.00167012
-0.00167296
-0.00167576
-0.00167853
-0.00168126
-0.00168395
-0.00168661
-0.00168924
-0.00169183
-0.00169439
-0.00169691
-0.00169941
-0.00170188
-0.00170431
-0.00170672
-0.00170911
-0.00171146
-0.00171379
-0.00171609
-0.00171837
-0.00172063
-0.00172286
-0.00172506
-0.00172725
-0.00172941
-0.00173155
-0.00173367
-0.00173577
-0.00173784
-0.0017399
-0.00174194
-0.00174396
-0.00174596
-0.00174794
-0.0017499
-0.00175185
-0.00175378
-0.00175569
-0.00175758
-0.00175946
-0.00176133
-0.00176317
-0.001765
-0.00176682
-0.00176862
-0.00177041
-0.00177218
-0.00177394
-0.00177568
-0.00177742
-0.00177913
-0.00178084
-0.00178253
-0.00178421
-0.00178588
-0.00178753
-0.00178917
-0.0017908
-0.00179242
-0.00179403
-0.00179562
-0.00179721
-0.00179878
-0.00180035
-0.0018019
-0.00180344
-0.00180497
-0.00180649
-0.001808
-0.00180951
-0.001811
-0.00181248
-0.00181395
-0.00181542
-0.00181687
-0.00181832
-0.00181975
-0.00182118
-0.0018226
-0.00182401
-0.00182541
-0.0018268
-0.00182819
-0.00182957
-0.00183094
-0.0018323
-0.00183365
-0.001835
-0.00183634
-0.00183767
-0.00183899
-0.00184031
-0.00184162
-0.00184292
-0.00184421
-0.0018455
-0.00184678
-0.00184806
-0.00184932
-0.00185058
-0.00185184
-0.00185309
-0.00185433
-0.00185556
-0.00185679
-0.00185802
-0.00185923
-0.00186044
-0.00186165
-0.00186285
-0.00186404
-0.00186523
-0.00186641
-0.00186759
-0.00186876
-0.00186992
-0.00187108
-0.00187224
-0.00187338
-0.00187453
-0.00187567
-0.0018768
-0.00187793
-0.00187905
-0.00188017
-0.00188128
-0.00188239
-0.00188349
-0.00188459
-0.00188569
-0.00188677
-0.00188786
-0.00188894
-0.00189001
-0.00189108
-0.00189215
-0.00189321
-0.00189427
-0.00189532
-0.00189637
-0.00189742
-0.00189846
-0.00189949
-0.00190052
-0.00190155
-0.00190258
-0.0019036
-0.00190461
-0.00190562
-0.00190663
-0.00190763
-0.00190863
-0.00190963
-0.00191062
-0.00191161
-0.0019126
-0.00191358
-0.00191456
-0.00191553
-0.0019165
-0.00191747
-0.00191843
-0.00191939
-0.00192035
-0.0019213
-0.00192225
-0.0019232
-0.00192414
-0.00192508
-0.00192602
-0.00192695
-0.00192788
-0.0019288
-0.00192973
-0.00193065
-0.00193157
-0.00193248
-0.00193339
-0.0019343
-0.0019352
-0.0019361
-0.001937
-0.0019379
-0.00193879
-0.00193968
-0.00194057
-0.00194145
-0.00194234
-0.00194321
-0.00194409
-0.00194496
-0.00194583
-0.0019467
-0.00194756
-0.00194843
-0.00194929

Solution para delta = 1e+06
0
-0.000180927
-0.00017296
-0.000165117
-0.00015739
-0.000149775
-0.000142265
-0.000134856
-0.000127541
-0.000120318
-0.000113181
-0.000106127
-9.91522e-05
-9.22523e-05
-8.54244e-05
-7.86653e-05
-7.1972e-05
-6.53417e-05
-5.87718e-05
-5.22597e-05
-4.58031e-05
-3.93997e-05
-3.30474e-05
-2.67442e-05
-2.04881e-05
-1.42772e-05
-8.11001e-06
-1.9847e-06
4.10026e-06
1.01464e-05
1.6155e-05
2.21276e-05
2.80654e-05
3.39697e-05
3.98415e-05
4.56822e-05
5.14926e-05
5.72739e-05
6.30271e-05
6.8753e-05
7.44527e-05
8.01268e-05
8.57763e-05
9.1402e-05
9.70046e-05
0.000102585
0.000108143
0.000113681
0.000119198
0.000124696
0.000130174
0.000135634
0.000141076
0.000146501
0.000151908
0.000157299
0.000162674
0.000168033
0.000173378
0.000178707
0.000184023
0.000189324
0.000194612
0.000199887
0.000205149
0.000210399
0.000215637
0.000220863
0.000226077
0.00023128
0.000236472
-0.00194178
-0.00182928
-0.0017293
-0.00163987
-0.0015594
-0.00148659
-0.00142039
-0.00135994
-0.0013045
-0.00125347
-0.00120634
-0.00116266
-0.00112205
-0.0010842
-0.00104883
-0.00101568
-0.000984555
-0.000955257
-0.000927625
-0.000901512
-0.000876788
-0.00085334
-0.000831064
-0.000809866
-0.000789666
-0.000770387
-0.000751962
-0.00073433
-0.000717436
-0.000701229
-0.000685663
-0.000670695
-0.000656288
-0.000642406
-0.000629017
-0.00061609
-0.000603599
-0.000591517
-0.000579822
-0.000568491
-0.000557505
-0.000546845
-0.000536493
-0.000526433
-0.000516649
-0.000507129
-0.000497859
-0.000488826
-0.000480019
-0.000471427
-0.00046304
-0.000454849
-0.000446844
-0.000439017
-0.000431361
-0.000423867
-0.000416529
-0.00040934
-0.000402294
-0.000395385
-0.000388607
-0.000381954
-0.000375423
-0.000369008
-0.000362704
-0.000356508
-0.000350415
-0.000344421
-0.000338523
-0.000332717
-0.000326999
-0.000321368
-0.000315818
-0.000310349
-0.000304956
-0.000299637
-0.00029439
-0.000289212
-0.000284102
-0.000279056
-0.000274072
-0.000269149
-0.000264285
-0.000259478
-0.000254725
-0.000250026
-0.000245379
-0.000240781
-0.000236233
-0.000231731
-0.000227275
-0.000222863
-0.000218495
-0.000214168
-0.000209882
-0.000205635
-0.000201427
-0.000197256
-0.000193122
-0.000141758
-0.000145837
-0.000262339
-0.000389966
-0.000515637
-0.000640768
-0.000765002
-0.000867458
-0.000947731
-0.00101221
-0.00106532
-0.00111001
-0.00114829
-0.00118156
-0.00121086
-0.00123694
-0.00126036
-0.00128158
-0.00130092
-0.00131867
-0.00133506
-0.00135025
-0.0013644
-0.00137763
-0.00139006
-0.00140175
-0.0014128
-0.00142327
-0.0014332
-0.00144266
-0.00145168
-0.00146029
-0.00146855
-0.00147646
-0.00148406
-0.00149137
-0.00149842
-0.00150521
-0.00151177
-0.00151812
-0.00152426
-0.00153021
-0.00153599
-0.00154159
-0.00154703
-0.00155233
-0.00155748
-0.0015625
-0.00156739
-0.00157216
-0.00157681
-0.00158136
-0.0015858
-0.00159014
-0.00159438
-0.00159854
-0.00160261
-0.00160659
-0.0016105
-0.00161433
-0.00161808
-0.00162176
-0.00162538
-0.00162893
-0.00163242
-0.00163585
-0.00163922
-0.00164253
-0.00164579
-0.001649
-0.00165216
-0.00165526
-0.00165832
-0.00166134
-0.00166431
-0.00166723
-0.00167012
-0.00167296
-0.00167576
-0.00167853
-0.00168126
-0.00168395
-0.00168661
-0.00168924
-0.00169183
-0.00169439
-0.00169691
-0.00169941
-0.00170188
-0.00170431
-0.00170672
-0.00170911
-0.00171146
-0.00171379
-0.00171609
-0.00171837
-0.00172063
-0.00172286
-0.00172506
-0.00172725
-0.00172941
-0.00173155
-0.00173367
-0.00173577
-0.00173784
-0.0017399
-0.00174194
-0.00174396
-0.00174596
-0.00174794
-0.0017499
-0.00175185
-0.00175378
-0.00175569
-0.00175758
-0.00175946
-0.00176133
-0.00176317
-0.001765
-0.00176682
-0.00176862
-0.00177041
-0.00177218
-0.00177394
-0.00177568
-0.00177742
-0.00177913
-0.00178084
-0.00178253
-0.00178421
-0.00178588
-0.00178753
-0.00178917
-0.0017908
-0.00179242
-0.00179403
-0.00179562
-0.00179721
-0.00179878
-0.00180035
-0.0018019
-0.00180344
-0.00180497
-0.00180649
-0.001808
-0.00180951
-0.001811
-0.00181248
-0.00181395
-0.00181542
-0.00181687
-0.00181832
-0.00181975
-0.00182118
-0.0018226
-0.00182401
-0.00182541
-0.0018268
-0.00182819
-0.00182957
-0.00183094
-0.0018323
-0.00183365
-0.001835
-0.00183634
-0.00183767
-0.00183899
-0.00184031
-0.00184162
-0.00184292
-0.00184421
-0.0018455
-0.00184678
-0.00184806
-0.00184932
-0.00185058
-0.00185184
-0.00185309
-0.00185433
-0.00185556
-0.00185679
-0.00185802
-0.00185923
-0.00186044
-0.00186165
-0.00186285
-0.00186404
-0.00186523
-0.00186641
-0.00186759
-0.00186876
-0.00186992
-0.00187108
-0.00187224
-0.00187338
-0.00187453
-0.00187567
-0.0018768
-0.00187793
-0.00187905
-0.00188017
-0.00188128
-0.00188239
-0.00188349
-0.00188459
-0.00188568
-0.00188677
-0.00188786
-0.00188894
-0.00189001
-0.00189108
-0.00189215
-0.00189321
-0.00189427
-0.00189532
-0.00189637
-0.00189742
-0.00189846
-0.00189949
-0.00190052
-0.00190155
-0.00190258
-0.0019036
-0.00190461
-0.00190562
-0.00190663
-0.00190763
-0.00190863
-0.00190963
-0.00191062
-0.00191161
-0.0019126
-0.00191358
-0.00191456
-0.00191553
-0.0019165
-0.00191747
-0.00191843
-0.00191939
-0.00192035
-0.0019213
-0.00192225
-0.0019232
-0.00192414
-0.00192508
-0.00192602
-0.00192695
-0.00192788
-0.0019288
-0.00192973
-0.00193065
-0.00193157
-0.00193248
-0.00193339
-0.0019343
-0.0019352
-0.0019361
-0.001937
-0.0019379
-0.00193879
-0.00193968
-0.00194057
-0.00194145
-0.00194234
-0.00194321
-0.00194409
-0.00194496
-0.00194583
-0.0019467
-0.00194756
-0.00194843
-0.00194929

Solution para delta = 1e+07
0
-0.000180927
-0.00017296
-0.000165117
-0.00015739
-0.000149775
-0.000142265
-0.000134856
-0.000127541
-0.000120318
-0.000113181
-0.000106127
-9.91522e-05
-9.22523e-05
-8.54244e-05
-7.86653e-05
-7.1972e-05
-6.53417e-05
-5.87718e-05
-5.22597e-05
-4.58031e-05
-3.93997e-05
-3.30474e-05
-2.67442e-05
-2.04881e-05
-1.42772e-05
-8.11001e-06
-1.9847e-06
4.10026e-06
1.01464e-05
1.6155e-05
2.21276e-05
2.80654e-05
3.39697e-05
3.98415e-05
4.56822e-05
5.14926e-05
5.7274e-05
6.30271e-05
6.8753e-05
7.44527e-05
8.01268e-05
8.57763e-05
9.1402e-05
9.70046e-05
0.000102585
0.000108143
0.000113681
0.000119198
0.000124696
0.000130174
0.000135634
0.000141076
0.000146501
0.000151908
0.000157299
0.000162674
0.000168033
0.000173378
0.000178707
0.000184023
0.000189324
0.000194612
0.000199887
0.000205149
0.000210399
0.000215637
0.000220863
0.000226077
0.00023128
0.000236472
-0.00194178
-0.00182928
-0.0017293
-0.00163987
-0.0015594
-0.00148659
-0.00142039
-0.00135994
-0.0013045
-0.00125347
-0.00120634
-0.00116266
-0.00112205
-0.0010842
-0.00104883
-0.00101568
-0.000984555
-0.000955257
-0.000927625
-0.000901512
-0.000876788
-0.00085334
-0.000831064
-0.000809866
-0.000789666
-0.000770387
-0.000751962
-0.00073433
-0.000717436
-0.000701229
-0.000685663
-0.000670695
-0.000656288
-0.000642406
-0.000629017
-0.00061609
-0.000603599
-0.000591517
-0.000579822
-0.000568491
-0.000557505
-0.000546845
-0.000536493
-0.000526433
-0.000516649
-0.000507129
-0.000497859
-0.000488826
-0.000480019
-0.000471427
-0.00046304
-0.000454849
-0.000446844
-0.000439017
-0.000431361
-0.000423867
-0.000416529
-0.00040934
-0.000402294
-0.000395385
-0.000388607
-0.000381954
-0.000375423
-0.000369008
-0.000362704
-0.000356508
-0.000350415
-0.000344421
-0.000338523
-0.000332717
-0.000326999
-0.000321368
-0.000315818
-0.000310349
-0.000304956
-0.000299637
-0.00029439
-0.000289212
-0.000284102
-0.000279056
-0.000274072
-0.000269149
-0.000264285
-0.000259478
-0.000254725
-0.000250026
-0.000245379
-0.000240781
-0.000236233
-0.000231731
-0.000227275
-0.000222863
-0.000218495
-0.000214168
-0.000209882
-0.000205635
-0.000201427
-0.000197256
-0.000193122
-0.000141758
-0.000145837
-0.000262339
-0.000389966
-0.000515637
-0.000640768
-0.000765002
-0.000867458
-0.000947731
-0.00101221
-0.00106532
-0.00111001
-0.00114829
-0.00118156
-0.00121086
-0.00123694
-0.00126036
-0.00128158
-0.00130092
-0.00131867
-0.00133506
-0.00135025
-0.0013644
-0.00137763
-0.00139006
-0.00140175
-0.0014128
-0.00142327
-0.0014332
-0.00144266
-0.00145168
-0.00146029
-0.00146855
-0.00147646
-0.00148406
-0.00149137
-0.00149842
-0.00150521
-0.00151177
-0.00151812
-0.00152426
-0.00153021
-0.00153599
-0.00154159
-0.00154703
-0.00155233
-0.00155748
-0.0015625
-0.00156739
-0.00157216
-0.00157681
-0.00158136
-0.0015858
-0.00159014
-0.00159438
-0.00159854
-0.00160261
-0.00160659
-0.0016105
-0.00161433
-0.00161808
-0.00162176
-0.00162538
-0.00162893
-0.00163242
-0.00163585
-0.00163922
-0.00164253
-0.00164579
-0.001649
-0.00165216
-0.00165526
-0.00165832
-0.00166134
-0.00166431
-0.00166723
-0.00167012
-0.00167296
-0.00167576
-0.00167853
-0.00168126
-0.00168395
-0.00168661
-0.00168924
-0.00169183
-0.00169439
-0.00169691
-0.00169941
-0.00170188
-0.00170431
-0.00170672
-0.00170911
-0.00171146
-0.00171379
-0.00171609
-0.00171837
-0.00172063
-0.00172286
-0.00172506
-0.00172725
-0.00172941
-0.00173155
-0.00173367
-0.00173577
-0.00173784
-0.0017399
-0.00174194
-0.00174396
-0.00174596
-0.00174794
-0.0017499
-0.00175185
-0.00175378
-0.00175569
-0.00175758
-0.00175946
-0.00176133
-0.00176317
-0.001765
-0.00176682
-0.00176862
-0.00177041
-0.00177218
-0.00177394
-0.00177568
-0.00177742
-0.00177913
-0.00178084
-0.00178253
-0.00178421
-0.00178588
-0.00178753
-0.00178917
-0.0017908
-0.00179242
-0.00179403
-0.00179562
-0.00179721
-0.00179878
-0.00180035
-0.0018019
-0.00180344
-0.00180497
-0.00180649
-0.001808
-0.00180951
-0.001811
-0.00181248
-0.00181395
-0.00181542
-0.00181687
-0.00181832
-0.00181975
-0.00182118
-0.0018226
-0.00182401
-0.00182541
-0.0018268
-0.00182819
-0.00182957
-0.00183094
-0.0018323
-0.00183365
-0.001835
-0.00183634
-0.00183767
-0.00183899
-0.00184031
-0.00184162
-0.00184292
-0.00184421
-0.0018455
-0.00184678
-0.00184806
-0.00184932
-0.00185058
-0.00185184
-0.00185309
-0.00185433
-0.00185556
-0.00185679
-0.00185802
-0.00185923
-0.00186044
-0.00186165
-0.00186285
-0.00186404
-0.00186523
-0.00186641
-0.00186759
-0.00186876
-0.00186992
-0.00187108
-0.00187224
-0.00187338
-0.00187453
-0.00187567
-0.0018768
-0.00187793
-0.00187905
-0.00188017
-0.00188128
-0.00188239
-0.00188349
-0.00188459
-0.00188568
-0.00188677
-0.00188786
-0.00188894
-0.00189001
-0.00189108
-0.00189215
-0.00189321
-0.00189427
-0.00189532
-0.00189637
-0.00189742
-0.00189846
-0.00189949
-0.00190052
-0.00190155
-0.00190258
-0.0019036
-0.00190461
-0.00190562
-0.00190663
-0.00190763
-0.00190863
-0.00190963
-0.00191062
-0.00191161
-0.0019126
-0.00191358
-0.00191456
-0.00191553
-0.0019165
-0.00191747
-0.00191843
-0.00191939
-0.00192035
-0.0019213
-0.00192225
-0.0019232
-0.00192414
-0.00192508
-0.00192602
-0.00192695
-0.00192788
-0.0019288
-0.00192973
-0.00193065
-0.00193157
-0.00193248
-0.00193339
-0.0019343
-0.0019352
-0.0019361
-0.001937
-0.0019379
-0.00193879
-0.00193968
-0.00194057
-0.00194145
-0.00194234
-0.00194321
-0.00194409
-0.00194496
-0.00194583
-0.0019467
-0.00194756
-0.00194843
-0.00194929

Solution para delta = 1e+08
0
-0.000180927
-0.00017296
-0.000165117
-0.00015739
-0.000149775
-0.000142265
-0.000134856
-0.000127541
-0.000120318
-0.000113181
-0.000106127
-9.91522e-05
-9.22523e-05
-8.54244e-05
-7.86653e-05
-7.1972e-05
-6.53417e-05
-5.87718e-05
-5.22597e-05
-4.58031e-05
-3.93997e-05
-3.30474e-05
-2.67442e-05
-2.04881e-05
-1.42772e-05
-8.11001e-06
-1.9847e-06
4.10026e-06
1.01464e-05
1.6155e-05
2.21276e-05
2.80654e-05
3.39697e-05
3.98415e-05
4.56822e-05
5.14926e-05
5.7274e-05
6.30271e-05
6.8753e-05
7.44527e-05
8.01268e-05
8.57763e-05
9.1402e-05
9.70046e-05
0.000102585
0.000108143
0.000113681
0.000119198
0.000124696
0.000130174
0.000135634
0.000141076
0.000146501
0.000151908
0.000157299
0.000162674
0.000168033
0.000173378
0.000178707
0.000184023
0.000189324
0.000194612
0.000199887
0.000205149
0.000210399
0.000215637
0.000220863
0.000226077
0.00023128
0.000236472
-0.00194178
-0.00182928
-0.0017293
-0.00163987
-0.0015594
-0.00148659
-0.00142039
-0.00135994
-0.0013045
-0.00125347
-0.00120634
-0.00116266
-0.00112205
-0.0010842
-0.00104883
-0.00101568
-0.000984555
-0.000955257
-0.000927625
-0.000901512
-0.000876788
-0.00085334
-0.000831064
-0.000809866
-0.000789666
-0.000770387
-0.000751962
-0.00073433
-0.000717436
-0.000701229
-0.000685663
-0.000670695
-0.000656288
-0.000642406
-0.000629017
-0.00061609
-0.000603599
-0.000591517
-0.000579822
-0.000568491
-0.000557505
-0.000546845
-0.000536493
-0.000526433
-0.000516649
-0.000507129
-0.000497859
-0.000488826
-0.000480019
-0.000471427
-0.00046304
-0.000454849
-0.000446844
-0.000439017
-0.000431361
-0.000423867
-0.000416529
-0.00040934
-0.000402294
-0.000395385
-0.000388607
-0.000381954
-0.000375423
-0.000369008
-0.000362704
-0.000356508
-0.000350415
-0.000344421
-0.000338523
-0.000332717
-0.000326999
-0.000321368
-0.000315818
-0.000310349
-0.000304956
-0.000299637
-0.00029439
-0.000289212
-0.000284102
-0.000279056
-0.000274072
-0.000269149
-0.000264285
-0.000259478
-0.000254725
-0.000250026
-0.000245379
-0.000240781
-0.000236233
-0.000231731
-0.000227275
-0.000222863
-0.000218495
-0.000214168
-0.000209882
-0.000205635
-0.000201427
-0.000197256
-0.000193122
-0.000141758
-0.000145837
-0.000262339
-0.000389966
-0.000515637
-0.000640768
-0.000765002
-0.000867458
-0.000947731
-0.00101221
-0.00106532
-0.00111001
-0.00114829
-0.00118156
-0.00121086
-0.00123694
-0.00126036
-0.00128158
-0.00130092
-0.00131867
-0.00133506
-0.00135025
-0.0013644
-0.00137763
-0.00139006
-0.00140175
-0.0014128
-0.00142327
-0.0014332
-0.00144266
-0.00145168
-0.00146029
-0.00146855
-0.00147646
-0.00148406
-0.00149137
-0.00149842
-0.00150521
-0.00151177
-0.00151812
-0.00152426
-0.00153021
-0.00153599
-0.00154159
-0.00154703
-0.00155233
-0.00155748
-0.0015625
-0.00156739
-0.00157216
-0.00157681
-0.00158136
-0.0015858
-0.00159014
-0.00159438
-0.00159854
-0.00160261
-0.00160659
-0.0016105
-0.00161433
-0.00161808
-0.00162176
-0.00162538
-0.00162893
-0.00163242
-0.00163585
-0.00163922
-0.00164253
-0.00164579
-0.001649
-0.00165216
-0.00165526
-0.00165832
-0.00166134
-0.00166431
-0.00166723
-0.00167012
-0.00167296
-0.00167576
-0.00167853
-0.00168126
-0.00168395
-0.00168661
-0.00168924
-0.00169183
-0.00169439
-0.00169691
-0.00169941
-0.00170188
-0.00170431
-0.00170672
-0.00170911
-0.00171146
-0.00171379
-0.00171609
-0.00171837
-0.00172063
-0.00172286
-0.00172506
-0.00172725
-0.00172941
-0.00173155
-0.00173367
-0.00173577
-0.00173784
-0.0017399
-0.00174194
-0.00174396
-0.00174596
-0.00174794
-0.0017499
-0.00175185
-0.00175378
-0.00175569
-0.00175758
-0.00175946
-0.00176133
-0.00176317
-0.001765
-0.00176682
-0.00176862
-0.00177041
-0.00177218
-0.00177394
-0.00177568
-0.00177742
-0.00177913
-0.00178084
-0.00178253
-0.00178421
-0.00178588
-0.00178753
-0.00178917
-0.0017908
-0.00179242
-0.00179403
-0.00179562
-0.00179721
-0.00179878
-0.00180035
-0.0018019
-0.00180344
-0.00180497
-0.00180649
-0.001808
-0.00180951
-0.001811
-0.00181248
-0.00181395
-0.00181542
-0.00181687
-0.00181832
-0.00181975
-0.00182118
-0.0018226
-0.00182401
-0.00182541
-0.0018268
-0.00182819
-0.00182957
-0.00183094
-0.0018323
-0.00183365
-0.001835
-0.00183634
-0.00183767
-0.00183899
-0.00184031
-0.00184162
-0.00184292
-0.00184421
-0.0018455
-0.00184678
-0.00184806
-0.00184932
-0.00185058
-0.00185184
-0.00185309
-0.00185433
-0.00185556
-0.00185679
-0.00185802
-0.00185923
-0.00186044
-0.00186165
-0.00186285
-0.00186404
-0.00186523
-0.00186641
-0.00186759
-0.00186876
-0.00186992
-0.00187108
-0.00187224
-0.00187338
-0.00187453
-0.00187567
-0.0018768
-0.00187793
-0.00187905
-0.00188017
-0.00188128
-0.00188239
-0.00188349
-0.00188459
-0.00188568
-0.00188677
-0.00188786
-0.00188894
-0.00189001
-0.00189108
-0.00189215
-0.00189321
-0.00189427
-0.00189532
-0.00189637
-0.00189742
-0.00189846
-0.00189949
-0.00190052
-0.00190155
-0.00190258
-0.0019036
-0.00190461
-0.00190562
-0.00190663
-0.00190763
-0.00190863
-0.00190963
-0.00191062
-0.00191161
-0.0019126
-0.00191358
-0.00191456
-0.00191553
-0.0019165
-0.00191747
-0.00191843
-0.00191939
-0.00192035
-0.0019213
-0.00192225
-0.0019232
-0.00192414
-0.00192508
-0.00192602
-0.00192695
-0.00192788
-0.0019288
-0.00192973
-0.00193065
-0.00193157
-0.00193248
-0.00193339
-0.0019343
-0.0019352
-0.0019361
-0.001937
-0.0019379
-0.00193879
-0.00193968
-0.00194057
-0.00194145
-0.00194234
-0.00194321
-0.00194409
-0.00194496
-0.00194583
-0.0019467
-0.00194756
-0.00194843
-0.00194929
