
Solution para delta = 0.01
0
-0.00574385
-0.00616558
-0.0064417
-0.00665044
-0.00682024
-0.00696458
-0.00709093
-0.00720386
-0.00730637
-0.00740057
-0.00748795
-0.00756965
-0.00764653
-0.00771927
-0.00778842
-0.00785441

Solution para delta = 0.1
0
-0.00672723
-0.00718887
-0.00748524
-0.00770524
-0.00788117
-0.0080283
-0.00815509
-0.00826672
-0.00836661
-0.0084571
-0.0085399
-0.0086163
-0.00868727
-0.00875357
-0.00881582
-0.00887452

Solution para delta = 1
0
-0.00682695
-0.00729235
-0.0075909
-0.00781236
-0.0079893
-0.00813717
-0.0082645
-0.00837653
-0.00847668
-0.00856735
-0.00865026
-0.0087267
-0.00879765
-0.00886389
-0.00892604
-0.00898461

Solution para delta = 10
0
-0.00683687
-0.00730263
-0.0076014
-0.007823
-0.00800005
-0.008148
-0.00827539
-0.00838746
-0.00848764
-0.00857833
-0.00866126
-0.00873771
-0.00880866
-0.0088749
-0.00893705
-0.00899561

Solution para delta = 100
0
-0.00683786
-0.00730365
-0.00760244
-0.00782406
-0.00800112
-0.00814908
-0.00827648
-0.00838855
-0.00848874
-0.00857943
-0.00866236
-0.00873881
-0.00880976
-0.008876
-0.00893815
-0.00899671

Solution para delta = 1000
0
-0.00683796
-0.00730376
-0.00760255
-0.00782417
-0.00800123
-0.00814919
-0.00827658
-0.00838866
-0.00848885
-0.00857954
-0.00866247
-0.00873892
-0.00880987
-0.00887611
-0.00893826
-0.00899682

Solution para delta = 10000
0
-0.00683797
-0.00730377
-0.00760256
-0.00782418
-0.00800124
-0.0081492
-0.0082766
-0.00838867
-0.00848886
-0.00857955
-0.00866248
-0.00873893
-0.00880988
-0.00887613
-0.00893827
-0.00899683

Solution para delta = 100000
0
-0.00683797
-0.00730377
-0.00760256
-0.00782418
-0.00800124
-0.0081492
-0.0082766
-0.00838867
-0.00848886
-0.00857955
-0.00866248
-0.00873893
-0.00880988
-0.00887613
-0.00893827
-0.00899683

Solution para delta = 1e+06
0
-0.00683797
-0.00730377
-0.00760256
-0.00782418
-0.00800124
-0.0081492
-0.0082766
-0.00838867
-0.00848886
-0.00857955
-0.00866248
-0.00873893
-0.00880988
-0.00887613
-0.00893827
-0.00899683

Solution para delta = 1e+07
0
-0.00683797
-0.00730377
-0.00760256
-0.00782418
-0.00800124
-0.0081492
-0.0082766
-0.00838867
-0.00848886
-0.00857955
-0.00866248
-0.00873893
-0.00880988
-0.00887613
-0.00893827
-0.00899683

Solution para delta = 1e+08
0
-0.00683797
-0.00730377
-0.00760256
-0.00782418
-0.00800124
-0.0081492
-0.0082766
-0.00838867
-0.00848886
-0.00857955
-0.00866248
-0.00873893
-0.00880988
-0.00887613
-0.00893827
-0.00899683
