
Solution para delta = 0.001
0
0.000818543
0.000904253
0.000959908
0.00100149
0.00103489
0.00106291
0.00108712
0.00110847
0.00112761
0.00114498
0.00116088
0.00117557
0.00118923
0.001202
0.001214
0.00122531
0.00123603
0.00124621
0.00125591
0.00126517
0.00127404
0.00128255
0.00129072
0.00129859
0.00130619
0.00131352
0.00132061
0.00132747
0.00133413
0.00134059
0.00134686
0.00135296
0.0013589
0.00136468
0.00137032
0.00137582
0.00138118
0.00138642
0.00139155
0.00139656
0.00140146
0.00140626
0.00141096
0.00141557
0.00142009
0.00142452
0.00142887
0.00143314
0.00143733
0.00144145
0.0014455
0.00144948
0.00145339
0.00145725
0.00146103
0.00146476
0.00146844
0.00147205
0.00147562
0.00147913
0.00148259
0.001486
0.00148936
0.00149268
0.00149596
0.00149919
0.00150238
0.00150552
0.00150863
0.0015117
0.00151473
0.00151772
0.00152068
0.00152361
0.00152649
0.00152935
0.00153217
0.00153497
0.00153773
0.00154046
0.00154316
0.00154583
0.00154848
0.0015511
0.00155369
0.00155625
0.00155879
0.0015613
0.00156379
0.00156625
0.0015687
0.00157111
0.00157351
0.00157588
0.00157823
0.00158056
0.00158287
0.00158516
0.00158743
0.00158968
0.0015919
0.00159411
0.00159631
0.00159848
0.00160063
0.00160277
0.00160489
0.00160699
0.00160908
0.00161115
0.0016132
0.00161524
0.00161726
0.00161927
0.00162126
0.00162323
0.00162519
0.00162714
0.00162907
0.00163099
0.0016329
0.00163479
0.00163666
0.00163853
0.00164038
0.00164222
0.00164404
0.00164586
0.00164766
0.00164945
0.00165123
0.00165299
0.00165475
0.00165649
0.00165822
0.00165994
0.00166165
0.00166335
0.00166504
0.00166672
0.00166838
0.00167004
0.00167169
0.00167332
0.00167495
0.00167657
0.00167818
0.00167978
0.00168137
0.00168295
0.00168452
0.00168608
0.00168763
0.00168918
0.00169071
0.00169224
0.00169376
0.00169527
0.00169677
0.00169826
0.00169975
0.00170123
0.0017027
0.00170416
0.00170561
0.00170706
0.0017085
0.00170993
0.00171136
0.00171277
0.00171418
0.00171559
0.00171698
0.00171837
0.00171975
0.00172113
0.0017225
0.00172386
0.00172521
0.00172656
0.0017279
0.00172924
0.00173057
0.00173189
0.00173321
0.00173452
0.00173582
0.00173712
0.00173841
0.0017397
0.00174098
0.00174226
0.00174352
0.00174479
0.00174605
0.0017473
0.00174855
0.00174979
0.00175102
0.00175225
0.00175348
0.0017547
0.00175591
0.00175712
0.00175833
0.00175953
0.00176072
0.00176191
0.00176309
0.00176427
0.00176545
0.00176662
0.00176778
0.00176894
0.0017701
0.00177125
0.0017724
0.00177354
0.00177467
0.00177581
0.00177694
0.00177806
0.00177918
0.00178029
0.0017814
0.00178251
0.00178361
0.00178471
0.00178581
0.0017869
0.00178798
0.00178906
0.00179014
0.00179121
0.00179228
0.00179335
0.00179441
0.00179547
0.00179652
0.00179757
0.00179862
0.00179966
0.0018007
0.00180174
0.00180277
0.0018038
0.00180482
0.00180584
0.00180686
0.00180787
0.00180888
0.00180989
0.00181089
0.00181189
0.00181289
0.00181388
0.00181487
0.00181586
0.00181684
0.00181782
0.0018188
0.00181977
0.00182074
0.00182171
0.00182267
0.00182363
0.00182459
0.00182554
0.00182649
0.00182744
0.00182839
0.00182933
0.00183027
0.0018312
0.00183214
0.00183307
0.00183399
0.00183492
0.00183584
0.00183676
0.00183767
0.00183859
0.0018395
0.0018404
0.00184131
0.00184221
0.00184311
0.001844
0.0018449
0.00184579
0.00184668
0.00184756
0.00184845
0.00184933
0.0018502
0.00185108
0.00185195
0.00185282
0.00185369
0.00185455
0.00185542
0.00185628
0.00185714
0.00185799
0.00185884
0.00185969
0.00186054
0.00186139
0.00186223
0.00186307
0.00186391
0.00186475
0.00186558
0.00186641
0.00186724
0.00186807
0.00186889
0.00186971
0.00187053
0.00187135
0.00187217
0.00187298
0.00187379
0.0018746
0.00187541
0.00187621
0.00187702
0.00187782
0.00187861
0.00187941
0.0018802
0.001881
0.00188179
0.00188257
0.00188336
0.00188414
0.00188493
0.00188571
0.00188648
0.00188726
0.00188803
0.00188881
0.00188958
0.00189034
0.00189111
0.00189187
0.00189264
0.0018934
0.00189416
0.00189491
0.00189567
0.00189642
0.00189717
0.00189792
0.00189867
0.00189941
0.00190016
0.0019009
0.00190164
0.00190238
0.00190311
0.00190385
0.00190458
0.00190531
0.00190604
0.00190677
0.00190749
0.00190822
0.00190894
0.00190966
0.00191038
0.0019111
0.00191181
0.00191253
0.00191324
0.00191395
0.00191466
0.00191537
0.00191607
0.00191678
0.00191748
0.00191818
0.00191888
0.00191958
0.00192028
0.00192097
0.00192166
0.00192236
0.00192305
0.00192374
0.00192442
0.00192511
0.00192579
0.00192647
0.00192716
0.00192783
0.00192851
0.00192919
0.00192986
0.00193054
0.00193121
0.00193188
0.00193255
0.00193322
0.00193388
0.00193455
0.00193521
0.00193587
0.00193654
0.00193719
0.00193785
0.00193851
0.00193916
0.00193982
0.00194047
0.00194112
0.00194177
0.00194242
0.00194307
0.00194371
0.00194436
0.001945
0.00194564
0.00194628
0.00194692
0.00194756
0.00194819
0.00194883
0.00194946
0.00195009
0.00195073
0.00195136
0.00195198
0.00195261
0.00195324
0.00195386
0.00195449
0.00195511
0.00195573
0.00195635
0.00195697
0.00195759
0.0019582
0.00195882
0.00195943
0.00196004
0.00196066
0.00196127
0.00196188
0.00196248
0.00196309
0.0019637
0.0019643
0.0019649
0.00196551
0.00196611
0.00196671
0.0019673
0.0019679
0.0019685
0.00196909
0.00196969
0.00197028
0.00197087
0.00197146
0.00197205
0.00197264
0.00197323
0.00197382
0.0019744
0.00197499
0.00197557
0.00197615
0.00197673
0.00197731
0.00197789
0.00197847
0.00197905
0.00197962
0.0019802
0.00198077
0.00198134
0.00198191
0.00198248
0.00198305
0.00198362
0.00198419
0.00198476
0.00198532
0.00198589
0.00198645
0.00198701
0.00198757
0.00198813
0.00198869
0.00198925
0.00198981
0.00199037
0.00199092
0.00199148
0.00199203
0.00199258
0.00199314
0.00199369
0.00199424
0.00199478
0.00199533
0.00199588
0.00199643
0.00199697
0.00199751
0.00199806

Solution para delta = 0.01
0
-0.000436453
-0.000443361
-0.000447336
-0.000450122
-0.000452271
-0.00045402
-0.000455494
-0.000456767
-0.000457887
-0.000458884
-0.000459783
-0.0004606
-0.000461348
-0.000462037
-0.000462675
-0.000463268
-0.000463822
-0.000464341
-0.00046483
-0.00046529
-0.000465725
-0.000466137
-0.000466528
-0.0004669
-0.000467255
-0.000467593
-0.000467916
-0.000468226
-0.000468522
-0.000468806
-0.00046908
-0.000469342
-0.000469595
-0.000469839
-0.000470073
-0.0004703
-0.000470519
-0.00047073
-0.000470935
-0.000471133
-0.000471324
-0.00047151
-0.00047169
-0.000471865
-0.000472034
-0.000472199
-0.000472359
-0.000472514
-0.000472665
-0.000472813
-0.000472956
-0.000473095
-0.000473231
-0.000473363
-0.000473492
-0.000473618
-0.00047374
-0.00047386
-0.000473976
-0.00047409
-0.000474202
-0.00047431
-0.000474416
-0.00047452
-0.000474622
-0.000474721
-0.000474818
-0.000474913
-0.000475006
-0.000475096
-0.000475185
-0.000475272
-0.000475358
-0.000475441
-0.000475523
-0.000475603
-0.000475681
-0.000475758
-0.000475834
-0.000475908
-0.00047598
-0.000476051
-0.000476121
-0.00047619
-0.000476257
-0.000476322
-0.000476387
-0.000476451
-0.000476513
-0.000476574
-0.000476634
-0.000476693
-0.000476751
-0.000476808
-0.000476863
-0.000476918
-0.000476972
-0.000477025
-0.000477077
-0.000477128
-0.000477179
-0.000477228
-0.000477277
-0.000477324
-0.000477371
-0.000477417
-0.000477463
-0.000477507
-0.000477551
-0.000477595
-0.000477637
-0.000477679
-0.00047772
-0.00047776
-0.0004778
-0.000477839
-0.000477878
-0.000477916
-0.000477953
-0.00047799
-0.000478026
-0.000478061
-0.000478096
-0.000478131
-0.000478165
-0.000478198
-0.000478231
-0.000478263
-0.000478295
-0.000478327
-0.000478358
-0.000478388
-0.000478418
-0.000478447
-0.000478476
-0.000478505
-0.000478533
-0.000478561
-0.000478588
-0.000478615
-0.000478642
-0.000478668
-0.000478694
-0.000478719
-0.000478744
-0.000478769
-0.000478793
-0.000478817
-0.00047884
-0.000478863
-0.000478886
-0.000478909
-0.000478931
-0.000478953
-0.000478974
-0.000478995
-0.000479016
-0.000479037
-0.000479057
-0.000479077
-0.000479096
-0.000479116
-0.000479135
-0.000479154
-0.000479172
-0.000479191
-0.000479209
-0.000479226
-0.000479244
-0.000479261
-0.000479278
-0.000479295
-0.000479311
-0.000479327
-0.000479343
-0.000479359
-0.000479374
-0.00047939
-0.000479405
-0.000479419
-0.000479434
-0.000479448
-0.000479463
-0.000479477
-0.00047949
-0.000479504
-0.000479517
-0.00047953
-0.000479543
-0.000479556
-0.000479568
-0.000479581
-0.000479593
-0.000479605
-0.000479617
-0.000479628
-0.00047964
-0.000479651
-0.000479662
-0.000479673
-0.000479684
-0.000479694
-0.000479705
-0.000479715
-0.000479725
-0.000479735
-0.000479745
-0.000479754
-0.000479764
-0.000479773
-0.000479782
-0.000479791
-0.0004798
-0.000479809
-0.000479817
-0.000479826
-0.000479834
-0.000479842
-0.00047985
-0.000479858
-0.000479866
-0.000479873
-0.000479881
-0.000479888
-0.000479895
-0.000479902
-0.000479909
-0.000479916
-0.000479923
-0.000479929
-0.000479936
-0.000479942
-0.000479949
-0.000479955
-0.000479961
-0.000479967
-0.000479972
-0.000479978
-0.000479984
-0.000479989
-0.000479995
-0.00048
-0.000480005
-0.00048001
-0.000480015
-0.00048002
-0.000480025
-0.000480029
-0.000480034
-0.000480038
-0.000480043
-0.000480047
-0.000480051
-0.000480055
-0.000480059
-0.000480063
-0.000480067
-0.00048007
-0.000480074
-0.000480078
-0.000480081
-0.000480084
-0.000480088
-0.000480091
-0.000480094
-0.000480097
-0.0004801
-0.000480103
-0.000480106
-0.000480109
-0.000480111
-0.000480114
-0.000480116
-0.000480119
-0.000480121
-0.000480123
-0.000480125
-0.000480128
-0.00048013
-0.000480132
-0.000480134
-0.000480135
-0.000480137
-0.000480139
-0.00048014
-0.000480142
-0.000480144
-0.000480145
-0.000480146
-0.000480148
-0.000480149
-0.00048015
-0.000480151
-0.000480152
-0.000480153
-0.000480154
-0.000480155
-0.000480156
-0.000480157
-0.000480157
-0.000480158
-0.000480159
-0.000480159
-0.00048016
-0.00048016
-0.00048016
-0.000480161
-0.000480161
-0.000480161
-0.000480161
-0.000480161
-0.000480161
-0.000480161
-0.000480161
-0.000480161
-0.000480161
-0.000480161
-0.00048016
-0.00048016
-0.00048016
-0.000480159
-0.000480159
-0.000480158
-0.000480158
-0.000480157
-0.000480157
-0.000480156
-0.000480155
-0.000480154
-0.000480153
-0.000480153
-0.000480152
-0.000480151
-0.00048015
-0.000480149
-0.000480148
-0.000480146
-0.000480145
-0.000480144
-0.000480143
-0.000480142
-0.00048014
-0.000480139
-0.000480137
-0.000480136
-0.000480134
-0.000480133
-0.000480131
-0.00048013
-0.000480128
-0.000480126
-0.000480125
-0.000480123
-0.000480121
-0.000480119
-0.000480118
-0.000480116
-0.000480114
-0.000480112
-0.00048011
-0.000480108
-0.000480106
-0.000480104
-0.000480101
-0.000480099
-0.000480097
-0.000480095
-0.000480093
-0.00048009
-0.000480088
-0.000480086
-0.000480083
-0.000480081
-0.000480078
-0.000480076
-0.000480073
-0.000480071
-0.000480068
-0.000480066
-0.000480063
-0.00048006
-0.000480058
-0.000480055
-0.000480052
-0.000480049
-0.000480047
-0.000480044
-0.000480041
-0.000480038
-0.000480035
-0.000480032
-0.000480029
-0.000480026
-0.000480023
-0.00048002
-0.000480017
-0.000480014
-0.000480011
-0.000480008
-0.000480005
-0.000480002
-0.000479998
-0.000479995
-0.000479992
-0.000479989
-0.000479985
-0.000479982
-0.000479979
-0.000479975
-0.000479972
-0.000479969
-0.000479965
-0.000479962
-0.000479958
-0.000479955
-0.000479951
-0.000479948
-0.000479944
-0.00047994
-0.000479937
-0.000479933
-0.00047993
-0.000479926
-0.000479922
-0.000479918
-0.000479915
-0.000479911
-0.000479907
-0.000479903
-0.0004799
-0.000479896
-0.000479892
-0.000479888
-0.000479884
-0.00047988
-0.000479876
-0.000479872
-0.000479868
-0.000479864
-0.00047986
-0.000479856
-0.000479852
-0.000479848
-0.000479844
-0.00047984
-0.000479836
-0.000479832
-0.000479828
-0.000479824
-0.00047982
-0.000479815
-0.000479811
-0.000479807
-0.000479803
-0.000479799
-0.000479794
-0.00047979
-0.000479786
-0.000479781
-0.000479777
-0.000479773
-0.000479768
-0.000479764
-0.00047976
-0.000479755
-0.000479751
-0.000479746
-0.000479742
-0.000479738
-0.000479733
-0.000479729
-0.000479724
-0.00047972
-0.000479715
-0.000479711
-0.000479706
-0.000479701
-0.000479697
-0.000479692
-0.000479688
-0.000479683
-0.000479678
-0.000479674
-0.000479669
-0.000479664
-0.00047966
-0.000479655
-0.00047965
-0.000479646
-0.000479641
-0.000479636
-0.000479631
-0.000479627
-0.000479622
-0.000479617
-0.000479612
-0.000479607
-0.000479603
-0.000479598
-0.000479593
-0.000479588
-0.000479583
-0.000479578
-0.000479574
-0.000479569
-0.000479564
-0.000479559
-0.000479554
-0.000479549
-0.000479544
-0.000479539
-0.000479534

Solution para delta = 0.1
0
-0.00103516
-0.00206187
-0.00305963
-0.00380781
-0.00429404
-0.00463757
-0.00489651
-0.00510104
-0.00526832
-0.00540882
-0.00552935
-0.00563452
-0.00572757
-0.00581085
-0.00588612
-0.00595472
-0.0060177
-0.00607587
-0.00612989
-0.00618031
-0.00622756
-0.00627202
-0.00631398
-0.00635372
-0.00639146
-0.00642738
-0.00646166
-0.00649444
-0.00652585
-0.00655599
-0.00658497
-0.00661288
-0.00663979
-0.00666577
-0.00669089
-0.0067152
-0.00673875
-0.0067616
-0.00678378
-0.00680534
-0.0068263
-0.0068467
-0.00686657
-0.00688595
-0.00690484
-0.00692329
-0.0069413
-0.00695891
-0.00697612
-0.00699296
-0.00700944
-0.00702558
-0.0070414
-0.0070569
-0.0070721
-0.00708701
-0.00710165
-0.00711601
-0.00713012
-0.00714399
-0.00715761
-0.00717101
-0.00718418
-0.00719714
-0.00720989
-0.00722244
-0.0072348
-0.00724697
-0.00725895
-0.00727076
-0.0072824
-0.00729388
-0.00730519
-0.00731635
-0.00732736
-0.00733821
-0.00734893
-0.0073595
-0.00736994
-0.00738025
-0.00739043
-0.00740049
-0.00741042
-0.00742023
-0.00742993
-0.00743951
-0.00744899
-0.00745836
-0.00746762
-0.00747678
-0.00748583
-0.00749479
-0.00750366
-0.00751243
-0.00752111
-0.0075297
-0.0075382
-0.00754662
-0.00755495
-0.0075632
-0.00757137
-0.00757946
-0.00758747
-0.00759541
-0.00760327
-0.00761106
-0.00761878
-0.00762643
-0.00763401
-0.00764152
-0.00764897
-0.00765635
-0.00766367
-0.00767093
-0.00767812
-0.00768525
-0.00769233
-0.00769934
-0.0077063
-0.00771321
-0.00772005
-0.00772685
-0.00773359
-0.00774027
-0.00774691
-0.00775349
-0.00776002
-0.00776651
-0.00777294
-0.00777933
-0.00778567
-0.00779197
-0.00779822
-0.00780442
-0.00781058
-0.0078167
-0.00782277
-0.00782881
-0.0078348
-0.00784074
-0.00784665
-0.00785252
-0.00785835
-0.00786414
-0.00786989
-0.00787561
-0.00788129
-0.00788693
-0.00789253
-0.0078981
-0.00790363
-0.00790913
-0.0079146
-0.00792003
-0.00792542
-0.00793079
-0.00793612
-0.00794142
-0.00794669
-0.00795193
-0.00795713
-0.00796231
-0.00796745
-0.00797257
-0.00797765
-0.00798271
-0.00798774
-0.00799274
-0.00799771
-0.00800265
-0.00800757
-0.00801246
-0.00801732
-0.00802216
-0.00802697
-0.00803175
-0.00803651
-0.00804125
-0.00804596
-0.00805064
-0.0080553
-0.00805993
-0.00806455
-0.00806913
-0.0080737
-0.00807824
-0.00808276
-0.00808725
-0.00809173
-0.00809618
-0.00810061
-0.00810501
-0.0081094
-0.00811376
-0.00811811
-0.00812243
-0.00812673
-0.00813102
-0.00813528
-0.00813952
-0.00814374
-0.00814794
-0.00815212
-0.00815629
-0.00816043
-0.00816456
-0.00816866
-0.00817275
-0.00817682
-0.00818087
-0.00818491
-0.00818892
-0.00819292
-0.0081969
-0.00820087
-0.00820481
-0.00820874
-0.00821266
-0.00821655
-0.00822043
-0.00822429
-0.00822814
-0.00823197
-0.00823578
-0.00823958
-0.00824337
-0.00824713
-0.00825088
-0.00825462
-0.00825834
-0.00826205
-0.00826574
-0.00826942
-0.00827308
-0.00827673
-0.00828036
-0.00828398
-0.00828758
-0.00829117
-0.00829475
-0.00829831
-0.00830186
-0.0083054
-0.00830892
-0.00831243
-0.00831592
-0.00831941
-0.00832287
-0.00832633
-0.00832977
-0.0083332
-0.00833662
-0.00834003
-0.00834342
-0.0083468
-0.00835017
-0.00835352
-0.00835687
-0.0083602
-0.00836352
-0.00836683
-0.00837012
-0.00837341
-0.00837668
-0.00837994
-0.00838319
-0.00838643
-0.00838966
-0.00839288
-0.00839608
-0.00839928
-0.00840246
-0.00840564
-0.0084088
-0.00841195
-0.00841509
-0.00841822
-0.00842134
-0.00842445
-0.00842755
-0.00843064
-0.00843372
-0.00843679
-0.00843985
-0.0084429
-0.00844593
-0.00844896
-0.00845198
-0.00845499
-0.00845799
-0.00846098
-0.00846397
-0.00846694
-0.0084699
-0.00847285
-0.0084758
-0.00847873
-0.00848166
-0.00848458
-0.00848748
-0.00849038
-0.00849327
-0.00849615
-0.00849903
-0.00850189
-0.00850474
-0.00850759
-0.00851043
-0.00851326
-0.00851608
-0.00851889
-0.0085217
-0.00852449
-0.00852728
-0.00853006
-0.00853283
-0.00853559
-0.00853835
-0.0085411
-0.00854384
-0.00854657
-0.00854929
-0.00855201
-0.00855472
-0.00855742
-0.00856011
-0.0085628
-0.00856547
-0.00856814
-0.00857081
-0.00857346
-0.00857611
-0.00857875
-0.00858138
-0.00858401
-0.00858663
-0.00858924
-0.00859185
-0.00859444
-0.00859703
-0.00859962
-0.00860219
-0.00860476
-0.00860733
-0.00860988
-0.00861243
-0.00861497
-0.00861751
-0.00862004
-0.00862256
-0.00862508
-0.00862759
-0.00863009
-0.00863259
-0.00863508
-0.00863756
-0.00864004
-0.00864251
-0.00864497
-0.00864743
-0.00864988
-0.00865233
-0.00865476
-0.0086572
-0.00865962
-0.00866205
-0.00866446
-0.00866687
-0.00866927
-0.00867167
-0.00867406
-0.00867644
-0.00867882
-0.0086812
-0.00868356
-0.00868593
-0.00868828
-0.00869063
-0.00869298
-0.00869531
-0.00869765
-0.00869997
-0.0087023
-0.00870461
-0.00870692
-0.00870923
-0.00871153
-0.00871382
-0.00871611
-0.0087184
-0.00872067
-0.00872295
-0.00872522
-0.00872748
-0.00872973
-0.00873199
-0.00873423
-0.00873647
-0.00873871
-0.00874094
-0.00874317
-0.00874539
-0.0087476
-0.00874982
-0.00875202
-0.00875422
-0.00875642
-0.00875861
-0.0087608
-0.00876298
-0.00876515
-0.00876733
-0.00876949
-0.00877165
-0.00877381
-0.00877596
-0.00877811
-0.00878025
-0.00878239
-0.00878453
-0.00878665
-0.00878878
-0.0087909
-0.00879301
-0.00879512
-0.00879723
-0.00879933
-0.00880143
-0.00880352
-0.00880561
-0.00880769
-0.00880977
-0.00881185
-0.00881392
-0.00881598
-0.00881805
-0.0088201
-0.00882216
-0.0088242
-0.00882625
-0.00882829
-0.00883033
-0.00883236
-0.00883439
-0.00883641
-0.00883843
-0.00884044
-0.00884246
-0.00884446
-0.00884647
-0.00884846
-0.00885046
-0.00885245
-0.00885444
-0.00885642
-0.0088584
-0.00886037
-0.00886234
-0.00886431
-0.00886627
-0.00886823
-0.00887019
-0.00887214
-0.00887409
-0.00887603
-0.00887797
-0.00887991
-0.00888184
-0.00888377
-0.00888569
-0.00888761
-0.00888953
-0.00889145
-0.00889336
-0.00889526
-0.00889716
-0.00889906
-0.00890096
-0.00890285
-0.00890474
-0.00890662
-0.0089085
-0.00891038
-0.00891226
-0.00891413
-0.00891599
-0.00891786
-0.00891972
-0.00892157
-0.00892343
-0.00892528
-0.00892712
-0.00892896
-0.0089308
-0.00893264
-0.00893447
-0.0089363
-0.00893813
-0.00893995
-0.00894177
-0.00894358
-0.0089454
-0.00894721
-0.00894901
-0.00895081
-0.00895261
-0.00895441
-0.0089562
-0.00895799
-0.00895978
-0.00896156
-0.00896334

Solution para delta = 1
0
-0.00104389
-0.00208302
-0.00311122
-0.0038851
-0.004377
-0.00472278
-0.00498286
-0.00518807
-0.00535579
-0.00549662
-0.00561742
-0.0057228
-0.00581605
-0.0058995
-0.00597494
-0.0060437
-0.00610682
-0.00616514
-0.0062193
-0.00626985
-0.00631723
-0.00636182
-0.00640391
-0.00644377
-0.00648163
-0.00651768
-0.00655207
-0.00658497
-0.00661649
-0.00664674
-0.00667584
-0.00670385
-0.00673087
-0.00675695
-0.00678218
-0.00680659
-0.00683025
-0.00685319
-0.00687547
-0.00689712
-0.00691818
-0.00693867
-0.00695864
-0.00697811
-0.00699709
-0.00701563
-0.00703373
-0.00705142
-0.00706872
-0.00708564
-0.00710221
-0.00711843
-0.00713433
-0.00714991
-0.00716519
-0.00718018
-0.0071949
-0.00720934
-0.00722353
-0.00723747
-0.00725117
-0.00726464
-0.00727788
-0.00729091
-0.00730373
-0.00731636
-0.00732878
-0.00734102
-0.00735308
-0.00736496
-0.00737666
-0.0073882
-0.00739958
-0.00741081
-0.00742188
-0.0074328
-0.00744358
-0.00745422
-0.00746472
-0.00747509
-0.00748533
-0.00749545
-0.00750544
-0.00751531
-0.00752507
-0.00753471
-0.00754424
-0.00755367
-0.00756299
-0.0075722
-0.00758132
-0.00759033
-0.00759925
-0.00760808
-0.00761681
-0.00762546
-0.00763401
-0.00764248
-0.00765087
-0.00765917
-0.00766739
-0.00767553
-0.0076836
-0.00769159
-0.0076995
-0.00770734
-0.00771511
-0.00772281
-0.00773044
-0.007738
-0.00774549
-0.00775292
-0.00776029
-0.00776759
-0.00777483
-0.00778201
-0.00778913
-0.0077962
-0.0078032
-0.00781015
-0.00781704
-0.00782388
-0.00783066
-0.00783739
-0.00784407
-0.0078507
-0.00785728
-0.00786381
-0.00787028
-0.00787672
-0.0078831
-0.00788944
-0.00789573
-0.00790197
-0.00790818
-0.00791433
-0.00792045
-0.00792652
-0.00793255
-0.00793854
-0.00794449
-0.0079504
-0.00795627
-0.0079621
-0.00796789
-0.00797364
-0.00797936
-0.00798503
-0.00799068
-0.00799628
-0.00800186
-0.00800739
-0.00801289
-0.00801836
-0.0080238
-0.0080292
-0.00803457
-0.0080399
-0.00804521
-0.00805048
-0.00805572
-0.00806093
-0.00806611
-0.00807126
-0.00807639
-0.00808148
-0.00808654
-0.00809158
-0.00809658
-0.00810156
-0.00810651
-0.00811143
-0.00811633
-0.0081212
-0.00812604
-0.00813086
-0.00813565
-0.00814042
-0.00814516
-0.00814988
-0.00815457
-0.00815924
-0.00816388
-0.0081685
-0.0081731
-0.00817767
-0.00818222
-0.00818675
-0.00819125
-0.00819574
-0.0082002
-0.00820463
-0.00820905
-0.00821345
-0.00821782
-0.00822217
-0.00822651
-0.00823082
-0.00823511
-0.00823938
-0.00824363
-0.00824786
-0.00825208
-0.00825627
-0.00826044
-0.0082646
-0.00826873
-0.00827285
-0.00827695
-0.00828103
-0.00828509
-0.00828914
-0.00829316
-0.00829717
-0.00830116
-0.00830514
-0.0083091
-0.00831304
-0.00831696
-0.00832087
-0.00832476
-0.00832863
-0.00833249
-0.00833633
-0.00834016
-0.00834397
-0.00834776
-0.00835154
-0.0083553
-0.00835905
-0.00836278
-0.0083665
-0.0083702
-0.00837389
-0.00837756
-0.00838122
-0.00838487
-0.0083885
-0.00839211
-0.00839572
-0.00839931
-0.00840288
-0.00840644
-0.00840999
-0.00841352
-0.00841704
-0.00842055
-0.00842404
-0.00842752
-0.00843099
-0.00843445
-0.00843789
-0.00844132
-0.00844474
-0.00844814
-0.00845153
-0.00845491
-0.00845828
-0.00846164
-0.00846498
-0.00846831
-0.00847163
-0.00847494
-0.00847824
-0.00848152
-0.0084848
-0.00848806
-0.00849131
-0.00849455
-0.00849778
-0.008501
-0.0085042
-0.0085074
-0.00851059
-0.00851376
-0.00851692
-0.00852008
-0.00852322
-0.00852635
-0.00852947
-0.00853258
-0.00853569
-0.00853878
-0.00854186
-0.00854493
-0.00854799
-0.00855104
-0.00855408
-0.00855711
-0.00856014
-0.00856315
-0.00856615
-0.00856915
-0.00857213
-0.0085751
-0.00857807
-0.00858103
-0.00858397
-0.00858691
-0.00858984
-0.00859276
-0.00859567
-0.00859857
-0.00860147
-0.00860435
-0.00860723
-0.00861009
-0.00861295
-0.0086158
-0.00861864
-0.00862148
-0.0086243
-0.00862712
-0.00862993
-0.00863272
-0.00863552
-0.0086383
-0.00864108
-0.00864384
-0.0086466
-0.00864935
-0.0086521
-0.00865483
-0.00865756
-0.00866028
-0.00866299
-0.0086657
-0.0086684
-0.00867109
-0.00867377
-0.00867644
-0.00867911
-0.00868177
-0.00868442
-0.00868707
-0.00868971
-0.00869234
-0.00869496
-0.00869758
-0.00870019
-0.00870279
-0.00870539
-0.00870797
-0.00871056
-0.00871313
-0.0087157
-0.00871826
-0.00872081
-0.00872336
-0.0087259
-0.00872844
-0.00873096
-0.00873348
-0.008736
-0.00873851
-0.00874101
-0.0087435
-0.00874599
-0.00874847
-0.00875095
-0.00875342
-0.00875588
-0.00875834
-0.00876079
-0.00876323
-0.00876567
-0.00876811
-0.00877053
-0.00877295
-0.00877537
-0.00877777
-0.00878018
-0.00878257
-0.00878496
-0.00878735
-0.00878973
-0.0087921
-0.00879447
-0.00879683
-0.00879919
-0.00880154
-0.00880388
-0.00880622
-0.00880855
-0.00881088
-0.0088132
-0.00881552
-0.00881783
-0.00882014
-0.00882244
-0.00882473
-0.00882702
-0.00882931
-0.00883158
-0.00883386
-0.00883613
-0.00883839
-0.00884065
-0.0088429
-0.00884515
-0.00884739
-0.00884963
-0.00885186
-0.00885409
-0.00885631
-0.00885853
-0.00886074
-0.00886294
-0.00886515
-0.00886734
-0.00886954
-0.00887172
-0.00887391
-0.00887608
-0.00887826
-0.00888043
-0.00888259
-0.00888475
-0.0088869
-0.00888905
-0.0088912
-0.00889333
-0.00889547
-0.0088976
-0.00889973
-0.00890185
-0.00890397
-0.00890608
-0.00890819
-0.00891029
-0.00891239
-0.00891448
-0.00891657
-0.00891866
-0.00892074
-0.00892282
-0.00892489
-0.00892696
-0.00892902
-0.00893108
-0.00893314
-0.00893519
-0.00893723
-0.00893928
-0.00894132
-0.00894335
-0.00894538
-0.00894741
-0.00894943
-0.00895144
-0.00895346
-0.00895547
-0.00895747
-0.00895947
-0.00896147
-0.00896347
-0.00896545
-0.00896744
-0.00896942
-0.0089714
-0.00897337
-0.00897534
-0.00897731
-0.00897927
-0.00898123
-0.00898318
-0.00898513
-0.00898708
-0.00898902
-0.00899096
-0.0089929
-0.00899483
-0.00899676
-0.00899868
-0.0090006
-0.00900252
-0.00900443
-0.00900634
-0.00900825
-0.00901015
-0.00901205
-0.00901394
-0.00901583
-0.00901772
-0.0090196
-0.00902148
-0.00902336
-0.00902523
-0.0090271
-0.00902897
-0.00903083
-0.00903269
-0.00903455
-0.0090364
-0.00903825
-0.0090401
-0.00904194
-0.00904378
-0.00904562
-0.00904745
-0.00904928
-0.0090511
-0.00905293
-0.00905474
-0.00905656
-0.00905837
-0.00906018
-0.00906199
-0.00906379
-0.00906559
-0.00906739
-0.00906918

Solution para delta = 10
0
-0.00104546
-0.00208981
-0.00313056
-0.00390419
-0.00439447
-0.004739
-0.00499815
-0.00520264
-0.0053698
-0.00551019
-0.00563062
-0.00573571
-0.0058287
-0.00591195
-0.00598721
-0.00605581
-0.0061188
-0.00617699
-0.00623105
-0.00628151
-0.00632881
-0.00637332
-0.00641535
-0.00645515
-0.00649296
-0.00652896
-0.00656331
-0.00659617
-0.00662765
-0.00665787
-0.00668694
-0.00671492
-0.00674191
-0.00676798
-0.00679318
-0.00681757
-0.00684121
-0.00686414
-0.00688641
-0.00690804
-0.00692909
-0.00694957
-0.00696953
-0.00698898
-0.00700796
-0.00702648
-0.00704458
-0.00706226
-0.00707956
-0.00709647
-0.00711304
-0.00712926
-0.00714515
-0.00716073
-0.007176
-0.00719099
-0.0072057
-0.00722014
-0.00723433
-0.00724826
-0.00726196
-0.00727543
-0.00728867
-0.0073017
-0.00731452
-0.00732715
-0.00733957
-0.00735181
-0.00736387
-0.00737574
-0.00738745
-0.00739899
-0.00741037
-0.0074216
-0.00743267
-0.00744359
-0.00745437
-0.00746501
-0.00747551
-0.00748589
-0.00749613
-0.00750624
-0.00751624
-0.00752611
-0.00753587
-0.00754552
-0.00755505
-0.00756448
-0.0075738
-0.00758301
-0.00759213
-0.00760115
-0.00761007
-0.0076189
-0.00762763
-0.00763628
-0.00764484
-0.00765331
-0.0076617
-0.00767
-0.00767822
-0.00768637
-0.00769444
-0.00770243
-0.00771034
-0.00771819
-0.00772596
-0.00773366
-0.00774129
-0.00774885
-0.00775635
-0.00776378
-0.00777115
-0.00777846
-0.0077857
-0.00779288
-0.00780001
-0.00780707
-0.00781408
-0.00782103
-0.00782792
-0.00783476
-0.00784155
-0.00784828
-0.00785497
-0.0078616
-0.00786818
-0.00787471
-0.00788119
-0.00788762
-0.00789401
-0.00790035
-0.00790664
-0.00791289
-0.00791909
-0.00792526
-0.00793137
-0.00793745
-0.00794348
-0.00794947
-0.00795542
-0.00796133
-0.00796721
-0.00797304
-0.00797883
-0.00798459
-0.00799031
-0.00799599
-0.00800163
-0.00800724
-0.00801282
-0.00801836
-0.00802386
-0.00802933
-0.00803477
-0.00804017
-0.00804554
-0.00805088
-0.00805619
-0.00806147
-0.00806671
-0.00807192
-0.00807711
-0.00808226
-0.00808738
-0.00809248
-0.00809754
-0.00810258
-0.00810759
-0.00811257
-0.00811752
-0.00812245
-0.00812735
-0.00813222
-0.00813707
-0.00814189
-0.00814668
-0.00815145
-0.0081562
-0.00816092
-0.00816561
-0.00817028
-0.00817493
-0.00817955
-0.00818415
-0.00818872
-0.00819328
-0.00819781
-0.00820231
-0.0082068
-0.00821126
-0.0082157
-0.00822012
-0.00822452
-0.0082289
-0.00823325
-0.00823759
-0.0082419
-0.00824619
-0.00825047
-0.00825472
-0.00825896
-0.00826317
-0.00826737
-0.00827154
-0.0082757
-0.00827984
-0.00828396
-0.00828806
-0.00829214
-0.00829621
-0.00830025
-0.00830428
-0.00830829
-0.00831229
-0.00831626
-0.00832022
-0.00832417
-0.00832809
-0.008332
-0.00833589
-0.00833977
-0.00834363
-0.00834747
-0.0083513
-0.00835511
-0.00835891
-0.00836269
-0.00836646
-0.00837021
-0.00837394
-0.00837766
-0.00838137
-0.00838506
-0.00838873
-0.0083924
-0.00839604
-0.00839967
-0.00840329
-0.0084069
-0.00841049
-0.00841406
-0.00841763
-0.00842118
-0.00842471
-0.00842824
-0.00843175
-0.00843524
-0.00843872
-0.00844219
-0.00844565
-0.0084491
-0.00845253
-0.00845595
-0.00845935
-0.00846275
-0.00846613
-0.0084695
-0.00847286
-0.00847621
-0.00847954
-0.00848286
-0.00848617
-0.00848947
-0.00849276
-0.00849603
-0.0084993
-0.00850255
-0.00850579
-0.00850903
-0.00851225
-0.00851545
-0.00851865
-0.00852184
-0.00852502
-0.00852818
-0.00853134
-0.00853448
-0.00853762
-0.00854074
-0.00854385
-0.00854696
-0.00855005
-0.00855313
-0.00855621
-0.00855927
-0.00856232
-0.00856537
-0.0085684
-0.00857142
-0.00857444
-0.00857744
-0.00858044
-0.00858342
-0.0085864
-0.00858937
-0.00859233
-0.00859528
-0.00859822
-0.00860115
-0.00860407
-0.00860698
-0.00860988
-0.00861278
-0.00861567
-0.00861854
-0.00862141
-0.00862427
-0.00862713
-0.00862997
-0.0086328
-0.00863563
-0.00863845
-0.00864126
-0.00864406
-0.00864685
-0.00864964
-0.00865242
-0.00865519
-0.00865795
-0.0086607
-0.00866345
-0.00866618
-0.00866891
-0.00867164
-0.00867435
-0.00867706
-0.00867976
-0.00868245
-0.00868513
-0.00868781
-0.00869048
-0.00869314
-0.00869579
-0.00869844
-0.00870108
-0.00870371
-0.00870634
-0.00870896
-0.00871157
-0.00871417
-0.00871677
-0.00871936
-0.00872194
-0.00872452
-0.00872709
-0.00872965
-0.00873221
-0.00873476
-0.0087373
-0.00873984
-0.00874237
-0.00874489
-0.0087474
-0.00874991
-0.00875242
-0.00875491
-0.0087574
-0.00875989
-0.00876237
-0.00876484
-0.0087673
-0.00876976
-0.00877221
-0.00877466
-0.0087771
-0.00877953
-0.00878196
-0.00878438
-0.0087868
-0.00878921
-0.00879161
-0.00879401
-0.0087964
-0.00879879
-0.00880117
-0.00880355
-0.00880591
-0.00880828
-0.00881064
-0.00881299
-0.00881533
-0.00881767
-0.00882001
-0.00882234
-0.00882466
-0.00882698
-0.00882929
-0.0088316
-0.0088339
-0.0088362
-0.00883849
-0.00884078
-0.00884306
-0.00884533
-0.0088476
-0.00884987
-0.00885213
-0.00885438
-0.00885663
-0.00885887
-0.00886111
-0.00886335
-0.00886557
-0.0088678
-0.00887002
-0.00887223
-0.00887444
-0.00887664
-0.00887884
-0.00888104
-0.00888322
-0.00888541
-0.00888759
-0.00888976
-0.00889193
-0.0088941
-0.00889626
-0.00889841
-0.00890056
-0.00890271
-0.00890485
-0.00890699
-0.00890912
-0.00891125
-0.00891337
-0.00891549
-0.0089176
-0.00891971
-0.00892182
-0.00892392
-0.00892601
-0.00892811
-0.00893019
-0.00893228
-0.00893435
-0.00893643
-0.0089385
-0.00894056
-0.00894262
-0.00894468
-0.00894673
-0.00894878
-0.00895083
-0.00895287
-0.0089549
-0.00895693
-0.00895896
-0.00896098
-0.008963
-0.00896502
-0.00896703
-0.00896904
-0.00897104
-0.00897304
-0.00897503
-0.00897702
-0.00897901
-0.00898099
-0.00898297
-0.00898495
-0.00898692
-0.00898889
-0.00899085
-0.00899281
-0.00899476
-0.00899672
-0.00899866
-0.00900061
-0.00900255
-0.00900448
-0.00900642
-0.00900835
-0.00901027
-0.00901219
-0.00901411
-0.00901603
-0.00901794
-0.00901984
-0.00902175
-0.00902365
-0.00902554
-0.00902744
-0.00902933
-0.00903121
-0.00903309
-0.00903497
-0.00903685
-0.00903872
-0.00904059
-0.00904245
-0.00904431
-0.00904617
-0.00904802
-0.00904987
-0.00905172
-0.00905356
-0.00905541
-0.00905724
-0.00905908
-0.00906091
-0.00906273
-0.00906456
-0.00906638
-0.0090682
-0.00907001
-0.00907182
-0.00907363
-0.00907543
-0.00907723
-0.00907903
-0.00908082

Solution para delta = 100
0
-0.00104624
-0.00209218
-0.00313647
-0.00390859
-0.00439796
-0.00474188
-0.00500061
-0.00520478
-0.0053717
-0.0055119
-0.00563218
-0.00573714
-0.00583002
-0.00591318
-0.00598835
-0.00605689
-0.00611981
-0.00617795
-0.00623197
-0.00628238
-0.00632965
-0.00637412
-0.00641612
-0.00645589
-0.00649367
-0.00652965
-0.00656398
-0.00659681
-0.00662828
-0.00665848
-0.00668753
-0.0067155
-0.00674248
-0.00676853
-0.00679372
-0.0068181
-0.00684173
-0.00686465
-0.0068869
-0.00690853
-0.00692956
-0.00695004
-0.00696999
-0.00698943
-0.0070084
-0.00702692
-0.00704501
-0.00706269
-0.00707997
-0.00709689
-0.00711344
-0.00712966
-0.00714554
-0.00716112
-0.00717639
-0.00719137
-0.00720608
-0.00722051
-0.0072347
-0.00724863
-0.00726232
-0.00727579
-0.00728903
-0.00730205
-0.00731487
-0.00732749
-0.00733991
-0.00735215
-0.0073642
-0.00737608
-0.00738778
-0.00739932
-0.0074107
-0.00742192
-0.00743299
-0.00744391
-0.00745468
-0.00746532
-0.00747582
-0.00748619
-0.00749643
-0.00750655
-0.00751654
-0.00752641
-0.00753617
-0.00754581
-0.00755534
-0.00756477
-0.00757409
-0.0075833
-0.00759242
-0.00760143
-0.00761035
-0.00761918
-0.00762791
-0.00763656
-0.00764511
-0.00765358
-0.00766197
-0.00767027
-0.0076785
-0.00768664
-0.00769471
-0.00770269
-0.00771061
-0.00771845
-0.00772622
-0.00773392
-0.00774155
-0.00774911
-0.00775661
-0.00776404
-0.00777141
-0.00777871
-0.00778596
-0.00779314
-0.00780026
-0.00780733
-0.00781433
-0.00782128
-0.00782818
-0.00783501
-0.0078418
-0.00784853
-0.00785521
-0.00786184
-0.00786842
-0.00787495
-0.00788143
-0.00788787
-0.00789425
-0.00790059
-0.00790688
-0.00791313
-0.00791934
-0.0079255
-0.00793161
-0.00793769
-0.00794372
-0.00794971
-0.00795566
-0.00796157
-0.00796744
-0.00797327
-0.00797907
-0.00798482
-0.00799054
-0.00799622
-0.00800187
-0.00800748
-0.00801305
-0.00801859
-0.00802409
-0.00802956
-0.008035
-0.0080404
-0.00804577
-0.00805111
-0.00805642
-0.00806169
-0.00806694
-0.00807215
-0.00807733
-0.00808249
-0.00808761
-0.0080927
-0.00809777
-0.0081028
-0.00810781
-0.00811279
-0.00811775
-0.00812267
-0.00812757
-0.00813244
-0.00813729
-0.00814211
-0.0081469
-0.00815167
-0.00815642
-0.00816113
-0.00816583
-0.0081705
-0.00817514
-0.00817977
-0.00818437
-0.00818894
-0.00819349
-0.00819802
-0.00820253
-0.00820701
-0.00821148
-0.00821592
-0.00822034
-0.00822473
-0.00822911
-0.00823347
-0.0082378
-0.00824211
-0.00824641
-0.00825068
-0.00825493
-0.00825917
-0.00826338
-0.00826758
-0.00827175
-0.00827591
-0.00828005
-0.00828417
-0.00828827
-0.00829235
-0.00829642
-0.00830046
-0.00830449
-0.0083085
-0.0083125
-0.00831647
-0.00832043
-0.00832437
-0.0083283
-0.00833221
-0.0083361
-0.00833998
-0.00834384
-0.00834768
-0.00835151
-0.00835532
-0.00835912
-0.0083629
-0.00836666
-0.00837041
-0.00837415
-0.00837787
-0.00838157
-0.00838526
-0.00838894
-0.0083926
-0.00839625
-0.00839988
-0.0084035
-0.0084071
-0.00841069
-0.00841427
-0.00841783
-0.00842138
-0.00842492
-0.00842844
-0.00843195
-0.00843544
-0.00843893
-0.0084424
-0.00844585
-0.0084493
-0.00845273
-0.00845615
-0.00845956
-0.00846295
-0.00846633
-0.0084697
-0.00847306
-0.00847641
-0.00847974
-0.00848306
-0.00848637
-0.00848967
-0.00849296
-0.00849623
-0.0084995
-0.00850275
-0.00850599
-0.00850922
-0.00851244
-0.00851565
-0.00851885
-0.00852204
-0.00852521
-0.00852838
-0.00853153
-0.00853468
-0.00853781
-0.00854094
-0.00854405
-0.00854715
-0.00855025
-0.00855333
-0.0085564
-0.00855947
-0.00856252
-0.00856556
-0.0085686
-0.00857162
-0.00857463
-0.00857764
-0.00858063
-0.00858362
-0.0085866
-0.00858956
-0.00859252
-0.00859547
-0.00859841
-0.00860134
-0.00860426
-0.00860718
-0.00861008
-0.00861297
-0.00861586
-0.00861874
-0.00862161
-0.00862447
-0.00862732
-0.00863016
-0.008633
-0.00863582
-0.00863864
-0.00864145
-0.00864425
-0.00864705
-0.00864983
-0.00865261
-0.00865538
-0.00865814
-0.00866089
-0.00866364
-0.00866638
-0.00866911
-0.00867183
-0.00867454
-0.00867725
-0.00867995
-0.00868264
-0.00868532
-0.008688
-0.00869067
-0.00869333
-0.00869599
-0.00869863
-0.00870127
-0.00870391
-0.00870653
-0.00870915
-0.00871176
-0.00871436
-0.00871696
-0.00871955
-0.00872213
-0.00872471
-0.00872728
-0.00872984
-0.0087324
-0.00873495
-0.00873749
-0.00874003
-0.00874256
-0.00874508
-0.00874759
-0.0087501
-0.00875261
-0.0087551
-0.00875759
-0.00876008
-0.00876256
-0.00876503
-0.00876749
-0.00876995
-0.0087724
-0.00877485
-0.00877729
-0.00877972
-0.00878215
-0.00878457
-0.00878699
-0.0087894
-0.0087918
-0.0087942
-0.00879659
-0.00879898
-0.00880136
-0.00880373
-0.0088061
-0.00880847
-0.00881082
-0.00881318
-0.00881552
-0.00881786
-0.0088202
-0.00882253
-0.00882485
-0.00882717
-0.00882948
-0.00883179
-0.00883409
-0.00883639
-0.00883868
-0.00884096
-0.00884324
-0.00884552
-0.00884779
-0.00885005
-0.00885231
-0.00885457
-0.00885682
-0.00885906
-0.0088613
-0.00886353
-0.00886576
-0.00886799
-0.0088702
-0.00887242
-0.00887463
-0.00887683
-0.00887903
-0.00888122
-0.00888341
-0.0088856
-0.00888778
-0.00888995
-0.00889212
-0.00889428
-0.00889644
-0.0088986
-0.00890075
-0.0089029
-0.00890504
-0.00890718
-0.00890931
-0.00891143
-0.00891356
-0.00891568
-0.00891779
-0.0089199
-0.008922
-0.0089241
-0.0089262
-0.00892829
-0.00893038
-0.00893246
-0.00893454
-0.00893661
-0.00893868
-0.00894075
-0.00894281
-0.00894487
-0.00894692
-0.00894897
-0.00895101
-0.00895305
-0.00895509
-0.00895712
-0.00895915
-0.00896117
-0.00896319
-0.0089652
-0.00896721
-0.00896922
-0.00897122
-0.00897322
-0.00897522
-0.00897721
-0.0089792
-0.00898118
-0.00898316
-0.00898513
-0.0089871
-0.00898907
-0.00899103
-0.00899299
-0.00899495
-0.0089969
-0.00899885
-0.00900079
-0.00900273
-0.00900467
-0.0090066
-0.00900853
-0.00901046
-0.00901238
-0.0090143
-0.00901621
-0.00901812
-0.00902003
-0.00902193
-0.00902383
-0.00902573
-0.00902762
-0.00902951
-0.0090314
-0.00903328
-0.00903516
-0.00903703
-0.0090389
-0.00904077
-0.00904263
-0.0090445
-0.00904635
-0.00904821
-0.00905006
-0.00905191
-0.00905375
-0.00905559
-0.00905743
-0.00905926
-0.00906109
-0.00906292
-0.00906474
-0.00906656
-0.00906838
-0.00907019
-0.009072
-0.00907381
-0.00907562
-0.00907742
-0.00907921
-0.00908101

Solution para delta = 1000
0
-0.0010464
-0.00209263
-0.00313879
-0.00391034
-0.00439937
-0.00474306
-0.00500161
-0.00520567
-0.00537249
-0.00551262
-0.00563283
-0.00573774
-0.00583058
-0.0059137
-0.00598885
-0.00605736
-0.00612026
-0.00617838
-0.00623238
-0.00628278
-0.00633003
-0.00637449
-0.00641647
-0.00645624
-0.00649401
-0.00652997
-0.00656429
-0.00659712
-0.00662858
-0.00665878
-0.00668782
-0.00671578
-0.00674275
-0.0067688
-0.00679398
-0.00681836
-0.00684198
-0.0068649
-0.00688715
-0.00690877
-0.0069298
-0.00695028
-0.00697022
-0.00698966
-0.00700863
-0.00702715
-0.00704523
-0.00706291
-0.00708019
-0.0070971
-0.00711366
-0.00712987
-0.00714575
-0.00716132
-0.00717659
-0.00719158
-0.00720628
-0.00722072
-0.00723489
-0.00724883
-0.00726252
-0.00727598
-0.00728922
-0.00730225
-0.00731506
-0.00732768
-0.0073401
-0.00735233
-0.00736439
-0.00737626
-0.00738796
-0.0073995
-0.00741088
-0.0074221
-0.00743317
-0.00744409
-0.00745486
-0.0074655
-0.007476
-0.00748637
-0.00749661
-0.00750672
-0.00751671
-0.00752659
-0.00753634
-0.00754598
-0.00755551
-0.00756494
-0.00757426
-0.00758347
-0.00759259
-0.0076016
-0.00761052
-0.00761935
-0.00762808
-0.00763672
-0.00764528
-0.00765375
-0.00766214
-0.00767044
-0.00767866
-0.0076868
-0.00769487
-0.00770286
-0.00771077
-0.00771861
-0.00772638
-0.00773408
-0.00774171
-0.00774928
-0.00775677
-0.0077642
-0.00777157
-0.00777887
-0.00778612
-0.0077933
-0.00780042
-0.00780748
-0.00781449
-0.00782144
-0.00782833
-0.00783517
-0.00784196
-0.00784869
-0.00785537
-0.007862
-0.00786858
-0.00787511
-0.00788159
-0.00788802
-0.00789441
-0.00790074
-0.00790704
-0.00791328
-0.00791949
-0.00792565
-0.00793176
-0.00793784
-0.00794387
-0.00794986
-0.00795581
-0.00796172
-0.00796759
-0.00797342
-0.00797922
-0.00798497
-0.00799069
-0.00799637
-0.00800202
-0.00800762
-0.0080132
-0.00801874
-0.00802424
-0.00802971
-0.00803515
-0.00804055
-0.00804592
-0.00805126
-0.00805657
-0.00806184
-0.00806708
-0.0080723
-0.00807748
-0.00808263
-0.00808776
-0.00809285
-0.00809792
-0.00810295
-0.00810796
-0.00811294
-0.00811789
-0.00812282
-0.00812772
-0.00813259
-0.00813744
-0.00814226
-0.00814705
-0.00815182
-0.00815656
-0.00816128
-0.00816597
-0.00817064
-0.00817529
-0.00817991
-0.00818451
-0.00818909
-0.00819364
-0.00819817
-0.00820267
-0.00820716
-0.00821162
-0.00821606
-0.00822048
-0.00822488
-0.00822925
-0.00823361
-0.00823794
-0.00824226
-0.00824655
-0.00825082
-0.00825508
-0.00825931
-0.00826353
-0.00826772
-0.0082719
-0.00827605
-0.00828019
-0.00828431
-0.00828841
-0.00829249
-0.00829656
-0.00830061
-0.00830463
-0.00830865
-0.00831264
-0.00831662
-0.00832057
-0.00832452
-0.00832844
-0.00833235
-0.00833624
-0.00834012
-0.00834398
-0.00834782
-0.00835165
-0.00835546
-0.00835926
-0.00836304
-0.0083668
-0.00837055
-0.00837429
-0.00837801
-0.00838171
-0.0083854
-0.00838908
-0.00839274
-0.00839639
-0.00840002
-0.00840364
-0.00840724
-0.00841083
-0.00841441
-0.00841797
-0.00842152
-0.00842506
-0.00842858
-0.00843209
-0.00843558
-0.00843907
-0.00844254
-0.00844599
-0.00844944
-0.00845287
-0.00845629
-0.0084597
-0.00846309
-0.00846647
-0.00846984
-0.0084732
-0.00847655
-0.00847988
-0.0084832
-0.00848651
-0.00848981
-0.0084931
-0.00849637
-0.00849964
-0.00850289
-0.00850613
-0.00850936
-0.00851258
-0.00851579
-0.00851899
-0.00852218
-0.00852535
-0.00852852
-0.00853167
-0.00853482
-0.00853795
-0.00854108
-0.00854419
-0.00854729
-0.00855039
-0.00855347
-0.00855654
-0.0085596
-0.00856266
-0.0085657
-0.00856873
-0.00857176
-0.00857477
-0.00857778
-0.00858077
-0.00858376
-0.00858673
-0.0085897
-0.00859266
-0.00859561
-0.00859855
-0.00860148
-0.0086044
-0.00860731
-0.00861022
-0.00861311
-0.008616
-0.00861888
-0.00862175
-0.00862461
-0.00862746
-0.0086303
-0.00863314
-0.00863596
-0.00863878
-0.00864159
-0.00864439
-0.00864718
-0.00864997
-0.00865275
-0.00865552
-0.00865828
-0.00866103
-0.00866378
-0.00866651
-0.00866924
-0.00867197
-0.00867468
-0.00867739
-0.00868009
-0.00868278
-0.00868546
-0.00868814
-0.00869081
-0.00869347
-0.00869612
-0.00869877
-0.00870141
-0.00870404
-0.00870667
-0.00870929
-0.0087119
-0.0087145
-0.0087171
-0.00871969
-0.00872227
-0.00872485
-0.00872742
-0.00872998
-0.00873254
-0.00873509
-0.00873763
-0.00874016
-0.00874269
-0.00874522
-0.00874773
-0.00875024
-0.00875274
-0.00875524
-0.00875773
-0.00876022
-0.00876269
-0.00876516
-0.00876763
-0.00877009
-0.00877254
-0.00877499
-0.00877743
-0.00877986
-0.00878229
-0.00878471
-0.00878713
-0.00878954
-0.00879194
-0.00879434
-0.00879673
-0.00879912
-0.0088015
-0.00880387
-0.00880624
-0.0088086
-0.00881096
-0.00881331
-0.00881566
-0.008818
-0.00882033
-0.00882266
-0.00882499
-0.00882731
-0.00882962
-0.00883193
-0.00883423
-0.00883652
-0.00883882
-0.0088411
-0.00884338
-0.00884566
-0.00884793
-0.00885019
-0.00885245
-0.0088547
-0.00885695
-0.0088592
-0.00886144
-0.00886367
-0.0088659
-0.00886812
-0.00887034
-0.00887255
-0.00887476
-0.00887697
-0.00887917
-0.00888136
-0.00888355
-0.00888573
-0.00888791
-0.00889009
-0.00889226
-0.00889442
-0.00889658
-0.00889874
-0.00890089
-0.00890303
-0.00890517
-0.00890731
-0.00890944
-0.00891157
-0.00891369
-0.00891581
-0.00891793
-0.00892004
-0.00892214
-0.00892424
-0.00892634
-0.00892843
-0.00893052
-0.0089326
-0.00893468
-0.00893675
-0.00893882
-0.00894089
-0.00894295
-0.008945
-0.00894706
-0.0089491
-0.00895115
-0.00895319
-0.00895522
-0.00895726
-0.00895928
-0.00896131
-0.00896332
-0.00896534
-0.00896735
-0.00896936
-0.00897136
-0.00897336
-0.00897535
-0.00897734
-0.00897933
-0.00898131
-0.00898329
-0.00898527
-0.00898724
-0.00898921
-0.00899117
-0.00899313
-0.00899509
-0.00899704
-0.00899898
-0.00900093
-0.00900287
-0.00900481
-0.00900674
-0.00900867
-0.00901059
-0.00901252
-0.00901443
-0.00901635
-0.00901826
-0.00902017
-0.00902207
-0.00902397
-0.00902586
-0.00902776
-0.00902965
-0.00903153
-0.00903341
-0.00903529
-0.00903717
-0.00903904
-0.00904091
-0.00904277
-0.00904463
-0.00904649
-0.00904834
-0.00905019
-0.00905204
-0.00905389
-0.00905573
-0.00905756
-0.0090594
-0.00906123
-0.00906305
-0.00906488
-0.0090667
-0.00906852
-0.00907033
-0.00907214
-0.00907395
-0.00907575
-0.00907755
-0.00907935
-0.00908114

Solution para delta = 10000
0
-0.00104653
-0.00209303
-0.00313914
-0.00391063
-0.00439961
-0.00474326
-0.0050018
-0.00520584
-0.00537265
-0.00551276
-0.00563297
-0.00573787
-0.00583071
-0.00591382
-0.00598896
-0.00605747
-0.00612037
-0.00617848
-0.00623247
-0.00628287
-0.00633012
-0.00637458
-0.00641656
-0.00645633
-0.00649409
-0.00653006
-0.00656438
-0.0065972
-0.00662866
-0.00665886
-0.0066879
-0.00671586
-0.00674283
-0.00676888
-0.00679406
-0.00681844
-0.00684206
-0.00686497
-0.00688722
-0.00690885
-0.00692988
-0.00695035
-0.00697029
-0.00698974
-0.0070087
-0.00702722
-0.0070453
-0.00706298
-0.00708026
-0.00709717
-0.00711373
-0.00712994
-0.00714582
-0.00716139
-0.00717666
-0.00719165
-0.00720635
-0.00722079
-0.00723496
-0.0072489
-0.00726259
-0.00727605
-0.00728929
-0.00730231
-0.00731513
-0.00732775
-0.00734017
-0.0073524
-0.00736445
-0.00737633
-0.00738803
-0.00739957
-0.00741095
-0.00742217
-0.00743323
-0.00744415
-0.00745493
-0.00746557
-0.00747607
-0.00748644
-0.00749667
-0.00750679
-0.00751678
-0.00752665
-0.00753641
-0.00754605
-0.00755558
-0.007565
-0.00757432
-0.00758354
-0.00759265
-0.00760167
-0.00761059
-0.00761941
-0.00762815
-0.00763679
-0.00764535
-0.00765382
-0.0076622
-0.0076705
-0.00767873
-0.00768687
-0.00769493
-0.00770292
-0.00771084
-0.00771868
-0.00772645
-0.00773415
-0.00774178
-0.00774934
-0.00775684
-0.00776427
-0.00777163
-0.00777894
-0.00778618
-0.00779336
-0.00780048
-0.00780755
-0.00781455
-0.0078215
-0.0078284
-0.00783524
-0.00784202
-0.00784875
-0.00785543
-0.00786206
-0.00786864
-0.00787517
-0.00788165
-0.00788808
-0.00789447
-0.00790081
-0.0079071
-0.00791335
-0.00791955
-0.00792571
-0.00793183
-0.0079379
-0.00794393
-0.00794993
-0.00795588
-0.00796179
-0.00796766
-0.00797349
-0.00797928
-0.00798504
-0.00799075
-0.00799644
-0.00800208
-0.00800769
-0.00801326
-0.0080188
-0.0080243
-0.00802977
-0.00803521
-0.00804061
-0.00804599
-0.00805132
-0.00805663
-0.0080619
-0.00806715
-0.00807236
-0.00807754
-0.0080827
-0.00808782
-0.00809291
-0.00809798
-0.00810302
-0.00810802
-0.008113
-0.00811796
-0.00812288
-0.00812778
-0.00813265
-0.0081375
-0.00814232
-0.00814711
-0.00815188
-0.00815663
-0.00816134
-0.00816604
-0.00817071
-0.00817535
-0.00817998
-0.00818457
-0.00818915
-0.0081937
-0.00819823
-0.00820274
-0.00820722
-0.00821168
-0.00821612
-0.00822054
-0.00822494
-0.00822932
-0.00823367
-0.00823801
-0.00824232
-0.00824661
-0.00825089
-0.00825514
-0.00825938
-0.00826359
-0.00826778
-0.00827196
-0.00827612
-0.00828026
-0.00828437
-0.00828848
-0.00829256
-0.00829662
-0.00830067
-0.0083047
-0.00830871
-0.0083127
-0.00831668
-0.00832064
-0.00832458
-0.00832851
-0.00833241
-0.00833631
-0.00834018
-0.00834404
-0.00834789
-0.00835171
-0.00835553
-0.00835932
-0.0083631
-0.00836687
-0.00837062
-0.00837435
-0.00837807
-0.00838178
-0.00838547
-0.00838914
-0.0083928
-0.00839645
-0.00840008
-0.0084037
-0.00840731
-0.0084109
-0.00841447
-0.00841803
-0.00842158
-0.00842512
-0.00842864
-0.00843215
-0.00843565
-0.00843913
-0.0084426
-0.00844606
-0.0084495
-0.00845293
-0.00845635
-0.00845976
-0.00846315
-0.00846654
-0.00846991
-0.00847326
-0.00847661
-0.00847994
-0.00848326
-0.00848658
-0.00848987
-0.00849316
-0.00849644
-0.0084997
-0.00850295
-0.0085062
-0.00850943
-0.00851265
-0.00851586
-0.00851905
-0.00852224
-0.00852542
-0.00852858
-0.00853174
-0.00853488
-0.00853802
-0.00854114
-0.00854425
-0.00854736
-0.00855045
-0.00855353
-0.00855661
-0.00855967
-0.00856272
-0.00856576
-0.0085688
-0.00857182
-0.00857484
-0.00857784
-0.00858084
-0.00858382
-0.0085868
-0.00858977
-0.00859272
-0.00859567
-0.00859861
-0.00860154
-0.00860446
-0.00860738
-0.00861028
-0.00861318
-0.00861606
-0.00861894
-0.00862181
-0.00862467
-0.00862752
-0.00863036
-0.0086332
-0.00863603
-0.00863884
-0.00864165
-0.00864446
-0.00864725
-0.00865003
-0.00865281
-0.00865558
-0.00865834
-0.00866109
-0.00866384
-0.00866658
-0.00866931
-0.00867203
-0.00867474
-0.00867745
-0.00868015
-0.00868284
-0.00868553
-0.0086882
-0.00869087
-0.00869353
-0.00869619
-0.00869883
-0.00870147
-0.00870411
-0.00870673
-0.00870935
-0.00871196
-0.00871457
-0.00871716
-0.00871975
-0.00872234
-0.00872491
-0.00872748
-0.00873004
-0.0087326
-0.00873515
-0.00873769
-0.00874023
-0.00874276
-0.00874528
-0.0087478
-0.00875031
-0.00875281
-0.00875531
-0.0087578
-0.00876028
-0.00876276
-0.00876523
-0.00876769
-0.00877015
-0.0087726
-0.00877505
-0.00877749
-0.00877992
-0.00878235
-0.00878477
-0.00878719
-0.0087896
-0.008792
-0.0087944
-0.00879679
-0.00879918
-0.00880156
-0.00880394
-0.0088063
-0.00880867
-0.00881103
-0.00881338
-0.00881572
-0.00881806
-0.0088204
-0.00882273
-0.00882505
-0.00882737
-0.00882968
-0.00883199
-0.00883429
-0.00883659
-0.00883888
-0.00884117
-0.00884345
-0.00884572
-0.00884799
-0.00885026
-0.00885252
-0.00885477
-0.00885702
-0.00885926
-0.0088615
-0.00886373
-0.00886596
-0.00886819
-0.00887041
-0.00887262
-0.00887483
-0.00887703
-0.00887923
-0.00888142
-0.00888361
-0.0088858
-0.00888798
-0.00889015
-0.00889232
-0.00889449
-0.00889665
-0.0088988
-0.00890095
-0.0089031
-0.00890524
-0.00890738
-0.00890951
-0.00891164
-0.00891376
-0.00891588
-0.00891799
-0.0089201
-0.00892221
-0.00892431
-0.0089264
-0.00892849
-0.00893058
-0.00893266
-0.00893474
-0.00893682
-0.00893889
-0.00894095
-0.00894301
-0.00894507
-0.00894712
-0.00894917
-0.00895121
-0.00895325
-0.00895529
-0.00895732
-0.00895935
-0.00896137
-0.00896339
-0.0089654
-0.00896742
-0.00896942
-0.00897143
-0.00897342
-0.00897542
-0.00897741
-0.0089794
-0.00898138
-0.00898336
-0.00898533
-0.0089873
-0.00898927
-0.00899123
-0.00899319
-0.00899515
-0.0089971
-0.00899905
-0.00900099
-0.00900293
-0.00900487
-0.0090068
-0.00900873
-0.00901066
-0.00901258
-0.0090145
-0.00901641
-0.00901832
-0.00902023
-0.00902213
-0.00902403
-0.00902593
-0.00902782
-0.00902971
-0.0090316
-0.00903348
-0.00903536
-0.00903723
-0.0090391
-0.00904097
-0.00904284
-0.0090447
-0.00904655
-0.00904841
-0.00905026
-0.00905211
-0.00905395
-0.00905579
-0.00905763
-0.00905946
-0.00906129
-0.00906312
-0.00906494
-0.00906676
-0.00906858
-0.00907039
-0.00907221
-0.00907401
-0.00907582
-0.00907762
-0.00907942
-0.00908121

Solution para delta = 100000
0
-0.00104654
-0.00209305
-0.00313958
-0.00391097
-0.00439988
-0.00474349
-0.005002
-0.00520601
-0.00537281
-0.0055129
-0.0056331
-0.00573799
-0.00583082
-0.00591393
-0.00598906
-0.00605756
-0.00612046
-0.00617857
-0.00623256
-0.00628295
-0.0063302
-0.00637466
-0.00641664
-0.0064564
-0.00649416
-0.00653012
-0.00656444
-0.00659727
-0.00662872
-0.00665892
-0.00668796
-0.00671592
-0.00674289
-0.00676894
-0.00679412
-0.00681849
-0.00684212
-0.00686503
-0.00688728
-0.0069089
-0.00692993
-0.0069504
-0.00697035
-0.00698979
-0.00700876
-0.00702727
-0.00704535
-0.00706303
-0.00708031
-0.00709722
-0.00711378
-0.00712999
-0.00714587
-0.00716144
-0.00717671
-0.00719169
-0.0072064
-0.00722083
-0.00723501
-0.00724894
-0.00726263
-0.00727609
-0.00728933
-0.00730236
-0.00731517
-0.00732779
-0.00734021
-0.00735245
-0.0073645
-0.00737637
-0.00738808
-0.00739961
-0.00741099
-0.00742221
-0.00743328
-0.0074442
-0.00745497
-0.00746561
-0.00747611
-0.00748648
-0.00749672
-0.00750683
-0.00751682
-0.00752669
-0.00753645
-0.00754609
-0.00755562
-0.00756504
-0.00757436
-0.00758358
-0.00759269
-0.00760171
-0.00761063
-0.00761945
-0.00762819
-0.00763683
-0.00764539
-0.00765386
-0.00766224
-0.00767054
-0.00767876
-0.00768691
-0.00769497
-0.00770296
-0.00771088
-0.00771872
-0.00772649
-0.00773419
-0.00774182
-0.00774938
-0.00775687
-0.00776431
-0.00777167
-0.00777898
-0.00778622
-0.0077934
-0.00780052
-0.00780759
-0.00781459
-0.00782154
-0.00782843
-0.00783527
-0.00784206
-0.00784879
-0.00785547
-0.0078621
-0.00786868
-0.00787521
-0.00788169
-0.00788812
-0.00789451
-0.00790085
-0.00790714
-0.00791339
-0.00791959
-0.00792575
-0.00793187
-0.00793794
-0.00794397
-0.00794996
-0.00795591
-0.00796182
-0.00796769
-0.00797353
-0.00797932
-0.00798507
-0.00799079
-0.00799647
-0.00800212
-0.00800773
-0.0080133
-0.00801884
-0.00802434
-0.00802981
-0.00803525
-0.00804065
-0.00804602
-0.00805136
-0.00805667
-0.00806194
-0.00806718
-0.0080724
-0.00807758
-0.00808273
-0.00808786
-0.00809295
-0.00809802
-0.00810305
-0.00810806
-0.00811304
-0.00811799
-0.00812292
-0.00812782
-0.00813269
-0.00813754
-0.00814236
-0.00814715
-0.00815192
-0.00815666
-0.00816138
-0.00816607
-0.00817074
-0.00817539
-0.00818001
-0.00818461
-0.00818918
-0.00819374
-0.00819827
-0.00820277
-0.00820726
-0.00821172
-0.00821616
-0.00822058
-0.00822498
-0.00822935
-0.00823371
-0.00823804
-0.00824236
-0.00824665
-0.00825092
-0.00825518
-0.00825941
-0.00826363
-0.00826782
-0.008272
-0.00827615
-0.00828029
-0.00828441
-0.00828851
-0.00829259
-0.00829666
-0.0083007
-0.00830473
-0.00830874
-0.00831274
-0.00831671
-0.00832067
-0.00832462
-0.00832854
-0.00833245
-0.00833634
-0.00834022
-0.00834408
-0.00834792
-0.00835175
-0.00835556
-0.00835936
-0.00836314
-0.0083669
-0.00837065
-0.00837439
-0.00837811
-0.00838181
-0.0083855
-0.00838918
-0.00839284
-0.00839649
-0.00840012
-0.00840374
-0.00840734
-0.00841093
-0.00841451
-0.00841807
-0.00842162
-0.00842516
-0.00842868
-0.00843219
-0.00843568
-0.00843917
-0.00844264
-0.00844609
-0.00844954
-0.00845297
-0.00845639
-0.00845979
-0.00846319
-0.00846657
-0.00846994
-0.0084733
-0.00847664
-0.00847998
-0.0084833
-0.00848661
-0.00848991
-0.0084932
-0.00849647
-0.00849974
-0.00850299
-0.00850623
-0.00850946
-0.00851268
-0.00851589
-0.00851909
-0.00852228
-0.00852545
-0.00852862
-0.00853177
-0.00853492
-0.00853805
-0.00854117
-0.00854429
-0.00854739
-0.00855048
-0.00855357
-0.00855664
-0.0085597
-0.00856276
-0.0085658
-0.00856883
-0.00857186
-0.00857487
-0.00857788
-0.00858087
-0.00858386
-0.00858683
-0.0085898
-0.00859276
-0.00859571
-0.00859865
-0.00860158
-0.0086045
-0.00860741
-0.00861032
-0.00861321
-0.0086161
-0.00861898
-0.00862184
-0.0086247
-0.00862756
-0.0086304
-0.00863323
-0.00863606
-0.00863888
-0.00864169
-0.00864449
-0.00864728
-0.00865007
-0.00865285
-0.00865562
-0.00865838
-0.00866113
-0.00866388
-0.00866661
-0.00866934
-0.00867206
-0.00867478
-0.00867749
-0.00868018
-0.00868288
-0.00868556
-0.00868824
-0.00869091
-0.00869357
-0.00869622
-0.00869887
-0.00870151
-0.00870414
-0.00870677
-0.00870939
-0.008712
-0.0087146
-0.0087172
-0.00871979
-0.00872237
-0.00872495
-0.00872752
-0.00873008
-0.00873264
-0.00873518
-0.00873773
-0.00874026
-0.00874279
-0.00874532
-0.00874783
-0.00875034
-0.00875284
-0.00875534
-0.00875783
-0.00876031
-0.00876279
-0.00876526
-0.00876773
-0.00877019
-0.00877264
-0.00877509
-0.00877753
-0.00877996
-0.00878239
-0.00878481
-0.00878723
-0.00878964
-0.00879204
-0.00879444
-0.00879683
-0.00879922
-0.0088016
-0.00880397
-0.00880634
-0.0088087
-0.00881106
-0.00881341
-0.00881576
-0.0088181
-0.00882043
-0.00882276
-0.00882509
-0.0088274
-0.00882972
-0.00883203
-0.00883433
-0.00883662
-0.00883891
-0.0088412
-0.00884348
-0.00884576
-0.00884803
-0.00885029
-0.00885255
-0.0088548
-0.00885705
-0.0088593
-0.00886154
-0.00886377
-0.008866
-0.00886822
-0.00887044
-0.00887265
-0.00887486
-0.00887707
-0.00887927
-0.00888146
-0.00888365
-0.00888583
-0.00888801
-0.00889019
-0.00889236
-0.00889452
-0.00889668
-0.00889884
-0.00890099
-0.00890313
-0.00890527
-0.00890741
-0.00890954
-0.00891167
-0.00891379
-0.00891591
-0.00891803
-0.00892014
-0.00892224
-0.00892434
-0.00892644
-0.00892853
-0.00893062
-0.0089327
-0.00893478
-0.00893685
-0.00893892
-0.00894099
-0.00894305
-0.0089451
-0.00894716
-0.0089492
-0.00895125
-0.00895329
-0.00895532
-0.00895735
-0.00895938
-0.00896141
-0.00896342
-0.00896544
-0.00896745
-0.00896946
-0.00897146
-0.00897346
-0.00897545
-0.00897744
-0.00897943
-0.00898141
-0.00898339
-0.00898537
-0.00898734
-0.00898931
-0.00899127
-0.00899323
-0.00899518
-0.00899714
-0.00899908
-0.00900103
-0.00900297
-0.00900491
-0.00900684
-0.00900877
-0.00901069
-0.00901262
-0.00901453
-0.00901645
-0.00901836
-0.00902027
-0.00902217
-0.00902407
-0.00902596
-0.00902786
-0.00902975
-0.00903163
-0.00903351
-0.00903539
-0.00903727
-0.00903914
-0.00904101
-0.00904287
-0.00904473
-0.00904659
-0.00904844
-0.00905029
-0.00905214
-0.00905399
-0.00905583
-0.00905766
-0.0090595
-0.00906133
-0.00906315
-0.00906498
-0.0090668
-0.00906862
-0.00907043
-0.00907224
-0.00907405
-0.00907585
-0.00907765
-0.00907945
-0.00908124

Solution para delta = 1e+06
0
-0.00104656
-0.00209312
-0.00313962
-0.00391101
-0.00439991
-0.00474352
-0.00500203
-0.00520604
-0.00537283
-0.00551293
-0.00563312
-0.00573802
-0.00583084
-0.00591395
-0.00598909
-0.00605759
-0.00612048
-0.0061786
-0.00623258
-0.00628298
-0.00633022
-0.00637468
-0.00641666
-0.00645642
-0.00649419
-0.00653015
-0.00656447
-0.00659729
-0.00662875
-0.00665894
-0.00668798
-0.00671594
-0.00674291
-0.00676896
-0.00679414
-0.00681851
-0.00684214
-0.00686505
-0.0068873
-0.00690892
-0.00692995
-0.00695042
-0.00697037
-0.00698981
-0.00700878
-0.00702729
-0.00704538
-0.00706305
-0.00708033
-0.00709724
-0.0071138
-0.00713001
-0.00714589
-0.00716146
-0.00717673
-0.00719171
-0.00720642
-0.00722085
-0.00723503
-0.00724896
-0.00726265
-0.00727612
-0.00728935
-0.00730238
-0.0073152
-0.00732781
-0.00734023
-0.00735247
-0.00736452
-0.00737639
-0.0073881
-0.00739963
-0.00741101
-0.00742223
-0.0074333
-0.00744422
-0.00745499
-0.00746563
-0.00747613
-0.0074865
-0.00749674
-0.00750685
-0.00751684
-0.00752671
-0.00753647
-0.00754611
-0.00755564
-0.00756507
-0.00757438
-0.0075836
-0.00759271
-0.00760173
-0.00761065
-0.00761947
-0.00762821
-0.00763685
-0.00764541
-0.00765388
-0.00766226
-0.00767056
-0.00767879
-0.00768693
-0.00769499
-0.00770298
-0.0077109
-0.00771874
-0.00772651
-0.00773421
-0.00774184
-0.0077494
-0.0077569
-0.00776433
-0.00777169
-0.007779
-0.00778624
-0.00779342
-0.00780054
-0.00780761
-0.00781461
-0.00782156
-0.00782846
-0.00783529
-0.00784208
-0.00784881
-0.00785549
-0.00786212
-0.0078687
-0.00787523
-0.00788171
-0.00788814
-0.00789453
-0.00790087
-0.00790716
-0.00791341
-0.00791961
-0.00792577
-0.00793189
-0.00793796
-0.00794399
-0.00794998
-0.00795593
-0.00796184
-0.00796771
-0.00797355
-0.00797934
-0.00798509
-0.00799081
-0.00799649
-0.00800214
-0.00800775
-0.00801332
-0.00801886
-0.00802436
-0.00802983
-0.00803527
-0.00804067
-0.00804604
-0.00805138
-0.00805669
-0.00806196
-0.00806721
-0.00807242
-0.0080776
-0.00808275
-0.00808788
-0.00809297
-0.00809804
-0.00810307
-0.00810808
-0.00811306
-0.00811801
-0.00812294
-0.00812784
-0.00813271
-0.00813756
-0.00814238
-0.00814717
-0.00815194
-0.00815668
-0.0081614
-0.0081661
-0.00817076
-0.00817541
-0.00818003
-0.00818463
-0.00818921
-0.00819376
-0.00819829
-0.00820279
-0.00820728
-0.00821174
-0.00821618
-0.0082206
-0.008225
-0.00822937
-0.00823373
-0.00823806
-0.00824238
-0.00824667
-0.00825095
-0.0082552
-0.00825943
-0.00826365
-0.00826784
-0.00827202
-0.00827617
-0.00828031
-0.00828443
-0.00828853
-0.00829261
-0.00829668
-0.00830073
-0.00830475
-0.00830877
-0.00831276
-0.00831674
-0.00832069
-0.00832464
-0.00832856
-0.00833247
-0.00833636
-0.00834024
-0.0083441
-0.00834794
-0.00835177
-0.00835558
-0.00835938
-0.00836316
-0.00836692
-0.00837067
-0.00837441
-0.00837813
-0.00838183
-0.00838552
-0.0083892
-0.00839286
-0.00839651
-0.00840014
-0.00840376
-0.00840736
-0.00841095
-0.00841453
-0.00841809
-0.00842164
-0.00842518
-0.0084287
-0.00843221
-0.0084357
-0.00843919
-0.00844266
-0.00844611
-0.00844956
-0.00845299
-0.00845641
-0.00845982
-0.00846321
-0.00846659
-0.00846996
-0.00847332
-0.00847667
-0.00848
-0.00848332
-0.00848663
-0.00848993
-0.00849322
-0.00849649
-0.00849976
-0.00850301
-0.00850625
-0.00850948
-0.0085127
-0.00851591
-0.00851911
-0.0085223
-0.00852547
-0.00852864
-0.00853179
-0.00853494
-0.00853807
-0.0085412
-0.00854431
-0.00854741
-0.00855051
-0.00855359
-0.00855666
-0.00855972
-0.00856278
-0.00856582
-0.00856885
-0.00857188
-0.00857489
-0.0085779
-0.00858089
-0.00858388
-0.00858686
-0.00858982
-0.00859278
-0.00859573
-0.00859867
-0.0086016
-0.00860452
-0.00860743
-0.00861034
-0.00861323
-0.00861612
-0.008619
-0.00862187
-0.00862473
-0.00862758
-0.00863042
-0.00863326
-0.00863608
-0.0086389
-0.00864171
-0.00864451
-0.00864731
-0.00865009
-0.00865287
-0.00865564
-0.0086584
-0.00866115
-0.0086639
-0.00866663
-0.00866936
-0.00867209
-0.0086748
-0.00867751
-0.00868021
-0.0086829
-0.00868558
-0.00868826
-0.00869093
-0.00869359
-0.00869624
-0.00869889
-0.00870153
-0.00870416
-0.00870679
-0.00870941
-0.00871202
-0.00871462
-0.00871722
-0.00871981
-0.00872239
-0.00872497
-0.00872754
-0.0087301
-0.00873266
-0.00873521
-0.00873775
-0.00874028
-0.00874281
-0.00874534
-0.00874785
-0.00875036
-0.00875287
-0.00875536
-0.00875785
-0.00876034
-0.00876281
-0.00876528
-0.00876775
-0.00877021
-0.00877266
-0.00877511
-0.00877755
-0.00877998
-0.00878241
-0.00878483
-0.00878725
-0.00878966
-0.00879206
-0.00879446
-0.00879685
-0.00879924
-0.00880162
-0.00880399
-0.00880636
-0.00880872
-0.00881108
-0.00881343
-0.00881578
-0.00881812
-0.00882046
-0.00882278
-0.00882511
-0.00882743
-0.00882974
-0.00883205
-0.00883435
-0.00883665
-0.00883894
-0.00884122
-0.0088435
-0.00884578
-0.00884805
-0.00885031
-0.00885257
-0.00885483
-0.00885708
-0.00885932
-0.00886156
-0.00886379
-0.00886602
-0.00886824
-0.00887046
-0.00887268
-0.00887488
-0.00887709
-0.00887929
-0.00888148
-0.00888367
-0.00888585
-0.00888803
-0.00889021
-0.00889238
-0.00889454
-0.0088967
-0.00889886
-0.00890101
-0.00890315
-0.0089053
-0.00890743
-0.00890956
-0.00891169
-0.00891382
-0.00891593
-0.00891805
-0.00892016
-0.00892226
-0.00892436
-0.00892646
-0.00892855
-0.00893064
-0.00893272
-0.0089348
-0.00893687
-0.00893894
-0.00894101
-0.00894307
-0.00894512
-0.00894718
-0.00894923
-0.00895127
-0.00895331
-0.00895535
-0.00895738
-0.0089594
-0.00896143
-0.00896345
-0.00896546
-0.00896747
-0.00896948
-0.00897148
-0.00897348
-0.00897548
-0.00897747
-0.00897945
-0.00898144
-0.00898342
-0.00898539
-0.00898736
-0.00898933
-0.00899129
-0.00899325
-0.00899521
-0.00899716
-0.00899911
-0.00900105
-0.00900299
-0.00900493
-0.00900686
-0.00900879
-0.00901072
-0.00901264
-0.00901456
-0.00901647
-0.00901838
-0.00902029
-0.00902219
-0.00902409
-0.00902599
-0.00902788
-0.00902977
-0.00903165
-0.00903354
-0.00903541
-0.00903729
-0.00903916
-0.00904103
-0.00904289
-0.00904475
-0.00904661
-0.00904847
-0.00905032
-0.00905216
-0.00905401
-0.00905585
-0.00905768
-0.00905952
-0.00906135
-0.00906318
-0.009065
-0.00906682
-0.00906864
-0.00907045
-0.00907226
-0.00907407
-0.00907587
-0.00907767
-0.00907947
-0.00908127

Solution para delta = 1e+07
0
-0.00104656
-0.00209312
-0.00313968
-0.00391106
-0.00439996
-0.00474356
-0.00500206
-0.00520607
-0.00537286
-0.00551296
-0.00563315
-0.00573805
-0.00583087
-0.00591398
-0.00598911
-0.00605761
-0.00612051
-0.00617862
-0.0062326
-0.006283
-0.00633024
-0.0063747
-0.00641668
-0.00645644
-0.00649421
-0.00653017
-0.00656449
-0.00659731
-0.00662877
-0.00665896
-0.006688
-0.00671596
-0.00674293
-0.00676898
-0.00679416
-0.00681853
-0.00684216
-0.00686507
-0.00688732
-0.00690894
-0.00692997
-0.00695044
-0.00697039
-0.00698983
-0.0070088
-0.00702731
-0.00704539
-0.00706307
-0.00708035
-0.00709726
-0.00711381
-0.00713003
-0.00714591
-0.00716148
-0.00717675
-0.00719173
-0.00720643
-0.00722087
-0.00723505
-0.00724898
-0.00726267
-0.00727613
-0.00728937
-0.0073024
-0.00731521
-0.00732783
-0.00734025
-0.00735248
-0.00736454
-0.00737641
-0.00738811
-0.00739965
-0.00741103
-0.00742225
-0.00743332
-0.00744424
-0.00745501
-0.00746565
-0.00747615
-0.00748652
-0.00749675
-0.00750687
-0.00751686
-0.00752673
-0.00753649
-0.00754613
-0.00755566
-0.00756508
-0.0075744
-0.00758362
-0.00759273
-0.00760175
-0.00761067
-0.00761949
-0.00762823
-0.00763687
-0.00764542
-0.00765389
-0.00766228
-0.00767058
-0.0076788
-0.00768695
-0.00769501
-0.007703
-0.00771091
-0.00771876
-0.00772653
-0.00773423
-0.00774186
-0.00774942
-0.00775691
-0.00776434
-0.00777171
-0.00777902
-0.00778626
-0.00779344
-0.00780056
-0.00780762
-0.00781463
-0.00782158
-0.00782847
-0.00783531
-0.0078421
-0.00784883
-0.00785551
-0.00786214
-0.00786872
-0.00787525
-0.00788173
-0.00788816
-0.00789455
-0.00790088
-0.00790718
-0.00791343
-0.00791963
-0.00792579
-0.0079319
-0.00793798
-0.00794401
-0.00795
-0.00795595
-0.00796186
-0.00796773
-0.00797356
-0.00797936
-0.00798511
-0.00799083
-0.00799651
-0.00800216
-0.00800777
-0.00801334
-0.00801888
-0.00802438
-0.00802985
-0.00803529
-0.00804069
-0.00804606
-0.0080514
-0.00805671
-0.00806198
-0.00806722
-0.00807244
-0.00807762
-0.00808277
-0.0080879
-0.00809299
-0.00809805
-0.00810309
-0.0081081
-0.00811308
-0.00811803
-0.00812296
-0.00812786
-0.00813273
-0.00813757
-0.00814239
-0.00814719
-0.00815196
-0.0081567
-0.00816142
-0.00816611
-0.00817078
-0.00817543
-0.00818005
-0.00818465
-0.00818922
-0.00819378
-0.00819831
-0.00820281
-0.0082073
-0.00821176
-0.0082162
-0.00822062
-0.00822502
-0.00822939
-0.00823375
-0.00823808
-0.0082424
-0.00824669
-0.00825096
-0.00825522
-0.00825945
-0.00826367
-0.00826786
-0.00827204
-0.00827619
-0.00828033
-0.00828445
-0.00828855
-0.00829263
-0.0082967
-0.00830074
-0.00830477
-0.00830878
-0.00831278
-0.00831675
-0.00832071
-0.00832466
-0.00832858
-0.00833249
-0.00833638
-0.00834026
-0.00834412
-0.00834796
-0.00835179
-0.0083556
-0.0083594
-0.00836318
-0.00836694
-0.00837069
-0.00837443
-0.00837815
-0.00838185
-0.00838554
-0.00838922
-0.00839288
-0.00839653
-0.00840016
-0.00840378
-0.00840738
-0.00841097
-0.00841455
-0.00841811
-0.00842166
-0.0084252
-0.00842872
-0.00843223
-0.00843572
-0.00843921
-0.00844268
-0.00844613
-0.00844958
-0.00845301
-0.00845643
-0.00845983
-0.00846323
-0.00846661
-0.00846998
-0.00847334
-0.00847668
-0.00848002
-0.00848334
-0.00848665
-0.00848995
-0.00849324
-0.00849651
-0.00849978
-0.00850303
-0.00850627
-0.0085095
-0.00851272
-0.00851593
-0.00851913
-0.00852232
-0.00852549
-0.00852866
-0.00853181
-0.00853496
-0.00853809
-0.00854121
-0.00854433
-0.00854743
-0.00855052
-0.00855361
-0.00855668
-0.00855974
-0.0085628
-0.00856584
-0.00856887
-0.0085719
-0.00857491
-0.00857792
-0.00858091
-0.0085839
-0.00858687
-0.00858984
-0.0085928
-0.00859575
-0.00859869
-0.00860162
-0.00860454
-0.00860745
-0.00861036
-0.00861325
-0.00861614
-0.00861902
-0.00862188
-0.00862474
-0.0086276
-0.00863044
-0.00863327
-0.0086361
-0.00863892
-0.00864173
-0.00864453
-0.00864732
-0.00865011
-0.00865289
-0.00865566
-0.00865842
-0.00866117
-0.00866392
-0.00866665
-0.00866938
-0.00867211
-0.00867482
-0.00867753
-0.00868023
-0.00868292
-0.0086856
-0.00868828
-0.00869095
-0.00869361
-0.00869626
-0.00869891
-0.00870155
-0.00870418
-0.00870681
-0.00870943
-0.00871204
-0.00871464
-0.00871724
-0.00871983
-0.00872241
-0.00872499
-0.00872756
-0.00873012
-0.00873268
-0.00873523
-0.00873777
-0.0087403
-0.00874283
-0.00874536
-0.00874787
-0.00875038
-0.00875288
-0.00875538
-0.00875787
-0.00876036
-0.00876283
-0.0087653
-0.00876777
-0.00877023
-0.00877268
-0.00877513
-0.00877757
-0.00878
-0.00878243
-0.00878485
-0.00878727
-0.00878968
-0.00879208
-0.00879448
-0.00879687
-0.00879926
-0.00880164
-0.00880401
-0.00880638
-0.00880874
-0.0088111
-0.00881345
-0.0088158
-0.00881814
-0.00882047
-0.0088228
-0.00882513
-0.00882745
-0.00882976
-0.00883207
-0.00883437
-0.00883666
-0.00883896
-0.00884124
-0.00884352
-0.0088458
-0.00884807
-0.00885033
-0.00885259
-0.00885485
-0.00885709
-0.00885934
-0.00886158
-0.00886381
-0.00886604
-0.00886826
-0.00887048
-0.0088727
-0.0088749
-0.00887711
-0.00887931
-0.0088815
-0.00888369
-0.00888587
-0.00888805
-0.00889023
-0.0088924
-0.00889456
-0.00889672
-0.00889888
-0.00890103
-0.00890317
-0.00890532
-0.00890745
-0.00890958
-0.00891171
-0.00891383
-0.00891595
-0.00891807
-0.00892018
-0.00892228
-0.00892438
-0.00892648
-0.00892857
-0.00893066
-0.00893274
-0.00893482
-0.00893689
-0.00893896
-0.00894103
-0.00894309
-0.00894514
-0.0089472
-0.00894924
-0.00895129
-0.00895333
-0.00895536
-0.0089574
-0.00895942
-0.00896145
-0.00896347
-0.00896548
-0.00896749
-0.0089695
-0.0089715
-0.0089735
-0.00897549
-0.00897749
-0.00897947
-0.00898146
-0.00898343
-0.00898541
-0.00898738
-0.00898935
-0.00899131
-0.00899327
-0.00899523
-0.00899718
-0.00899913
-0.00900107
-0.00900301
-0.00900495
-0.00900688
-0.00900881
-0.00901073
-0.00901266
-0.00901457
-0.00901649
-0.0090184
-0.00902031
-0.00902221
-0.00902411
-0.00902601
-0.0090279
-0.00902979
-0.00903167
-0.00903355
-0.00903543
-0.00903731
-0.00903918
-0.00904105
-0.00904291
-0.00904477
-0.00904663
-0.00904848
-0.00905034
-0.00905218
-0.00905403
-0.00905587
-0.0090577
-0.00905954
-0.00906137
-0.0090632
-0.00906502
-0.00906684
-0.00906866
-0.00907047
-0.00907228
-0.00907409
-0.00907589
-0.00907769
-0.00907949
-0.00908129

Solution para delta = 1e+08
0
-0.00104656
-0.00209313
-0.00313969
-0.00391107
-0.00439997
-0.00474357
-0.00500207
-0.00520608
-0.00537288
-0.00551297
-0.00563316
-0.00573806
-0.00583088
-0.00591399
-0.00598912
-0.00605762
-0.00612052
-0.00617863
-0.00623262
-0.00628301
-0.00633025
-0.00637471
-0.00641669
-0.00645645
-0.00649422
-0.00653018
-0.0065645
-0.00659732
-0.00662878
-0.00665897
-0.00668801
-0.00671598
-0.00674294
-0.00676899
-0.00679417
-0.00681855
-0.00684217
-0.00686508
-0.00688733
-0.00690895
-0.00692998
-0.00695046
-0.0069704
-0.00698984
-0.00700881
-0.00702732
-0.00704541
-0.00706308
-0.00708036
-0.00709727
-0.00711383
-0.00713004
-0.00714592
-0.00716149
-0.00717676
-0.00719174
-0.00720645
-0.00722088
-0.00723506
-0.00724899
-0.00726268
-0.00727615
-0.00728938
-0.00730241
-0.00731523
-0.00732784
-0.00734026
-0.0073525
-0.00736455
-0.00737642
-0.00738813
-0.00739966
-0.00741104
-0.00742226
-0.00743333
-0.00744425
-0.00745502
-0.00746566
-0.00747616
-0.00748653
-0.00749677
-0.00750688
-0.00751687
-0.00752674
-0.0075365
-0.00754614
-0.00755567
-0.0075651
-0.00757441
-0.00758363
-0.00759274
-0.00760176
-0.00761068
-0.0076195
-0.00762824
-0.00763688
-0.00764544
-0.00765391
-0.00766229
-0.00767059
-0.00767882
-0.00768696
-0.00769502
-0.00770301
-0.00771093
-0.00771877
-0.00772654
-0.00773424
-0.00774187
-0.00774943
-0.00775693
-0.00776436
-0.00777172
-0.00777903
-0.00778627
-0.00779345
-0.00780057
-0.00780764
-0.00781464
-0.00782159
-0.00782849
-0.00783532
-0.00784211
-0.00784884
-0.00785552
-0.00786215
-0.00786873
-0.00787526
-0.00788174
-0.00788817
-0.00789456
-0.0079009
-0.00790719
-0.00791344
-0.00791964
-0.0079258
-0.00793192
-0.00793799
-0.00794402
-0.00795001
-0.00795596
-0.00796187
-0.00796774
-0.00797358
-0.00797937
-0.00798512
-0.00799084
-0.00799652
-0.00800217
-0.00800778
-0.00801335
-0.00801889
-0.00802439
-0.00802986
-0.0080353
-0.0080407
-0.00804607
-0.00805141
-0.00805672
-0.00806199
-0.00806724
-0.00807245
-0.00807763
-0.00808278
-0.00808791
-0.008093
-0.00809807
-0.0081031
-0.00810811
-0.00811309
-0.00811804
-0.00812297
-0.00812787
-0.00813274
-0.00813759
-0.00814241
-0.0081472
-0.00815197
-0.00815671
-0.00816143
-0.00816613
-0.0081708
-0.00817544
-0.00818006
-0.00818466
-0.00818924
-0.00819379
-0.00819832
-0.00820282
-0.00820731
-0.00821177
-0.00821621
-0.00822063
-0.00822503
-0.0082294
-0.00823376
-0.00823809
-0.00824241
-0.0082467
-0.00825098
-0.00825523
-0.00825946
-0.00826368
-0.00826787
-0.00827205
-0.0082762
-0.00828034
-0.00828446
-0.00828856
-0.00829265
-0.00829671
-0.00830076
-0.00830479
-0.0083088
-0.00831279
-0.00831677
-0.00832073
-0.00832467
-0.00832859
-0.0083325
-0.00833639
-0.00834027
-0.00834413
-0.00834797
-0.0083518
-0.00835561
-0.00835941
-0.00836319
-0.00836695
-0.0083707
-0.00837444
-0.00837816
-0.00838186
-0.00838555
-0.00838923
-0.00839289
-0.00839654
-0.00840017
-0.00840379
-0.00840739
-0.00841098
-0.00841456
-0.00841812
-0.00842167
-0.00842521
-0.00842873
-0.00843224
-0.00843573
-0.00843922
-0.00844269
-0.00844614
-0.00844959
-0.00845302
-0.00845644
-0.00845985
-0.00846324
-0.00846662
-0.00846999
-0.00847335
-0.0084767
-0.00848003
-0.00848335
-0.00848666
-0.00848996
-0.00849325
-0.00849652
-0.00849979
-0.00850304
-0.00850628
-0.00850951
-0.00851273
-0.00851594
-0.00851914
-0.00852233
-0.0085255
-0.00852867
-0.00853182
-0.00853497
-0.0085381
-0.00854123
-0.00854434
-0.00854744
-0.00855054
-0.00855362
-0.00855669
-0.00855976
-0.00856281
-0.00856585
-0.00856889
-0.00857191
-0.00857492
-0.00857793
-0.00858092
-0.00858391
-0.00858689
-0.00858985
-0.00859281
-0.00859576
-0.0085987
-0.00860163
-0.00860455
-0.00860747
-0.00861037
-0.00861326
-0.00861615
-0.00861903
-0.0086219
-0.00862476
-0.00862761
-0.00863045
-0.00863329
-0.00863611
-0.00863893
-0.00864174
-0.00864454
-0.00864734
-0.00865012
-0.0086529
-0.00865567
-0.00865843
-0.00866118
-0.00866393
-0.00866667
-0.0086694
-0.00867212
-0.00867483
-0.00867754
-0.00868024
-0.00868293
-0.00868561
-0.00868829
-0.00869096
-0.00869362
-0.00869627
-0.00869892
-0.00870156
-0.00870419
-0.00870682
-0.00870944
-0.00871205
-0.00871465
-0.00871725
-0.00871984
-0.00872242
-0.008725
-0.00872757
-0.00873013
-0.00873269
-0.00873524
-0.00873778
-0.00874032
-0.00874285
-0.00874537
-0.00874788
-0.00875039
-0.0087529
-0.00875539
-0.00875788
-0.00876037
-0.00876285
-0.00876532
-0.00876778
-0.00877024
-0.00877269
-0.00877514
-0.00877758
-0.00878001
-0.00878244
-0.00878486
-0.00878728
-0.00878969
-0.00879209
-0.00879449
-0.00879688
-0.00879927
-0.00880165
-0.00880402
-0.00880639
-0.00880876
-0.00881111
-0.00881347
-0.00881581
-0.00881815
-0.00882049
-0.00882282
-0.00882514
-0.00882746
-0.00882977
-0.00883208
-0.00883438
-0.00883668
-0.00883897
-0.00884125
-0.00884353
-0.00884581
-0.00884808
-0.00885034
-0.0088526
-0.00885486
-0.00885711
-0.00885935
-0.00886159
-0.00886382
-0.00886605
-0.00886828
-0.00887049
-0.00887271
-0.00887492
-0.00887712
-0.00887932
-0.00888151
-0.0088837
-0.00888589
-0.00888806
-0.00889024
-0.00889241
-0.00889457
-0.00889673
-0.00889889
-0.00890104
-0.00890319
-0.00890533
-0.00890746
-0.0089096
-0.00891172
-0.00891385
-0.00891597
-0.00891808
-0.00892019
-0.00892229
-0.00892439
-0.00892649
-0.00892858
-0.00893067
-0.00893275
-0.00893483
-0.0089369
-0.00893897
-0.00894104
-0.0089431
-0.00894516
-0.00894721
-0.00894926
-0.0089513
-0.00895334
-0.00895538
-0.00895741
-0.00895944
-0.00896146
-0.00896348
-0.00896549
-0.0089675
-0.00896951
-0.00897151
-0.00897351
-0.00897551
-0.0089775
-0.00897949
-0.00898147
-0.00898345
-0.00898542
-0.00898739
-0.00898936
-0.00899132
-0.00899328
-0.00899524
-0.00899719
-0.00899914
-0.00900108
-0.00900302
-0.00900496
-0.00900689
-0.00900882
-0.00901075
-0.00901267
-0.00901459
-0.0090165
-0.00901841
-0.00902032
-0.00902222
-0.00902412
-0.00902602
-0.00902791
-0.0090298
-0.00903169
-0.00903357
-0.00903545
-0.00903732
-0.00903919
-0.00904106
-0.00904292
-0.00904479
-0.00904664
-0.0090485
-0.00905035
-0.0090522
-0.00905404
-0.00905588
-0.00905772
-0.00905955
-0.00906138
-0.00906321
-0.00906503
-0.00906685
-0.00906867
-0.00907048
-0.00907229
-0.0090741
-0.00907591
-0.00907771
-0.0090795
-0.0090813
