
Solution para delta = 0.001
0
0.0013186
0.0014498
0.00153664
0.00160268
0.0016566
0.00170252
0.00174276
0.00177874
0.0018114
0.0018414
0.0018692
0.00189517
0.00191958
0.00194265
0.00196455
0.00198542

Solution para delta = 0.01
0
-0.00592337
-0.0063482
-0.00662026
-0.00682185
-0.00698281
-0.00711724
-0.00723294
-0.00733469
-0.00742562
-0.00750789
-0.0075831
-0.0076524
-0.0077167
-0.00777671
-0.00783299
-0.007886

Solution para delta = 0.1
0
-0.0067506
-0.00721289
-0.00750914
-0.00772871
-0.007904
-0.00805039
-0.00817636
-0.00828711
-0.00838607
-0.0084756
-0.00855741
-0.00863279
-0.00870272
-0.00876797
-0.00882916
-0.00888678

Solution para delta = 1
0
-0.00683804
-0.00730375
-0.00760226
-0.00782352
-0.00800018
-0.00814772
-0.00827467
-0.0083863
-0.00848603
-0.00857626
-0.00865871
-0.00873469
-0.00880516
-0.00887092
-0.00893259
-0.00899065

Solution para delta = 10
0
-0.00684681
-0.00731286
-0.00761159
-0.00783302
-0.00800982
-0.00815746
-0.00828452
-0.00839623
-0.00849604
-0.00858634
-0.00866885
-0.00874489
-0.00881542
-0.00888123
-0.00894294
-0.00900105

Solution para delta = 100
0
-0.00684769
-0.00731377
-0.00761252
-0.00783397
-0.00801078
-0.00815844
-0.0082855
-0.00839722
-0.00849704
-0.00858734
-0.00866987
-0.00874591
-0.00881644
-0.00888226
-0.00894397
-0.00900209

Solution para delta = 1000
0
-0.00684778
-0.00731386
-0.00761262
-0.00783406
-0.00801088
-0.00815854
-0.0082856
-0.00839732
-0.00849714
-0.00858744
-0.00866997
-0.00874601
-0.00881655
-0.00888236
-0.00894408
-0.0090022

Solution para delta = 10000
0
-0.00684779
-0.00731387
-0.00761263
-0.00783407
-0.00801089
-0.00815855
-0.00828561
-0.00839733
-0.00849715
-0.00858745
-0.00866998
-0.00874602
-0.00881656
-0.00888237
-0.00894409
-0.00900221

Solution para delta = 100000
0
-0.00684779
-0.00731387
-0.00761263
-0.00783407
-0.00801089
-0.00815855
-0.00828561
-0.00839733
-0.00849715
-0.00858745
-0.00866998
-0.00874602
-0.00881656
-0.00888237
-0.00894409
-0.00900221

Solution para delta = 1e+06
0
-0.00684779
-0.00731387
-0.00761263
-0.00783407
-0.00801089
-0.00815855
-0.00828561
-0.00839733
-0.00849715
-0.00858746
-0.00866998
-0.00874602
-0.00881656
-0.00888237
-0.00894409
-0.00900221

Solution para delta = 1e+07
0
-0.00684779
-0.00731387
-0.00761263
-0.00783407
-0.00801089
-0.00815855
-0.00828561
-0.00839733
-0.00849715
-0.00858746
-0.00866998
-0.00874602
-0.00881656
-0.00888237
-0.00894409
-0.00900221

Solution para delta = 1e+08
0
-0.00684779
-0.00731387
-0.00761263
-0.00783407
-0.00801089
-0.00815855
-0.00828561
-0.00839733
-0.00849715
-0.00858746
-0.00866998
-0.00874602
-0.00881656
-0.00888237
-0.00894409
-0.00900221
