
Solution para delta = 0.01
0
-0.00574386
-0.00616559
-0.00644171
-0.00665045
-0.00682025
-0.00696459
-0.00709094
-0.00720387
-0.00730638
-0.00740058
-0.00748796
-0.00756966
-0.00764654
-0.00771928
-0.00778842
-0.00785441

Solution para delta = 0.1
0
-0.00672723
-0.00718887
-0.00748524
-0.00770524
-0.00788117
-0.0080283
-0.00815509
-0.00826673
-0.00836661
-0.0084571
-0.0085399
-0.0086163
-0.00868727
-0.00875357
-0.00881582
-0.00887452

Solution para delta = 1
0
-0.00682695
-0.00729235
-0.0075909
-0.00781236
-0.0079893
-0.00813717
-0.0082645
-0.00837653
-0.00847668
-0.00856735
-0.00865026
-0.0087267
-0.00879765
-0.00886389
-0.00892604
-0.0089846

Solution para delta = 10
0
-0.00683686
-0.00730262
-0.00760139
-0.007823
-0.00800005
-0.008148
-0.00827539
-0.00838745
-0.00848764
-0.00857833
-0.00866126
-0.0087377
-0.00880866
-0.0088749
-0.00893705
-0.00899561
