
Solution para delta = 0.01
0
-0.00198418
-0.00337922
-0.00403516
-0.00442167
-0.00468517
-0.00488143
-0.00503637
-0.00516372
-0.00527153
-0.00536487
-0.0054471
-0.00552056
-0.00558693
-0.00564746
-0.0057031
-0.00575459
-0.00580251
-0.00584734
-0.00588946
-0.00592919
-0.00596678
-0.00600247
-0.00603645
-0.00606887
-0.00609988
-0.0061296
-0.00615814
-0.00618559
-0.00621203
-0.00623754
-0.00626219
-0.00628603
-0.00630912
-0.00633151
-0.00635324
-0.00637434
-0.00639486
-0.00641483
-0.00643428
-0.00645323
-0.00647172
-0.00648976
-0.00650738
-0.0065246
-0.00654143
-0.0065579
-0.00657402
-0.00658981
-0.00660528
-0.00662044
-0.00663531
-0.00664989
-0.00666421
-0.00667826
-0.00669207
-0.00670563
-0.00671896
-0.00673207
-0.00674496
-0.00675764
-0.00677012
-0.0067824
-0.0067945
-0.00680641
-0.00681814
-0.0068297
-0.0068411
-0.00685234
-0.00686341
-0.00687434
-0.00688512
-0.00689575
-0.00690625
-0.00691661
-0.00692684
-0.00693693
-0.00694691
-0.00695676
-0.00696649
-0.00697611
-0.00698561
-0.00699501
-0.00700429
-0.00701347
-0.00702255
-0.00703153
-0.00704041
-0.0070492
-0.00705789
-0.00706649
-0.007075
-0.00708343
-0.00709176
-0.00710002
-0.00710819
-0.00711628
-0.0071243
-0.00713224
-0.0071401
-0.00714789
-0.0071556
-0.00716325
-0.00717082
-0.00717833
-0.00718577
-0.00719314
-0.00720045
-0.00720769
-0.00721488
-0.007222
-0.00722906
-0.00723606
-0.00724301
-0.0072499
-0.00725673
-0.00726351
-0.00727023
-0.0072769
-0.00728352
-0.00729009
-0.0072966
-0.00730307
-0.00730949
-0.00731585
-0.00732218
-0.00732845
-0.00733468
-0.00734086
-0.007347
-0.0073531
-0.00735915
-0.00736516
-0.00737113
-0.00737706
-0.00738294
-0.00738879
-0.00739459
-0.00740036
-0.00740609
-0.00741178
-0.00741743
-0.00742305
-0.00742863
-0.00743417
-0.00743968
-0.00744515
-0.00745059
-0.007456
-0.00746137
-0.00746671
-0.00747201
-0.00747729
-0.00748253
-0.00748774
-0.00749292
-0.00749807
-0.00750319
-0.00750828
-0.00751334
-0.00751837
-0.00752337
-0.00752834
-0.00753328
-0.0075382
-0.00754309
-0.00754795
-0.00755279
-0.0075576
-0.00756238
-0.00756714
-0.00757187
-0.00757657
-0.00758125
-0.00758591
-0.00759054
-0.00759515
-0.00759973
-0.00760429
-0.00760883
-0.00761334
-0.00761783
-0.0076223
-0.00762674
-0.00763117
-0.00763557
-0.00763995
-0.0076443
-0.00764864
-0.00765296
-0.00765725
-0.00766153
-0.00766578
-0.00767001
-0.00767423
-0.00767842
-0.00768259
-0.00768675
-0.00769088
-0.007695
-0.0076991
-0.00770317
-0.00770723
-0.00771128
-0.0077153
-0.0077193
-0.00772329
-0.00772726
-0.00773122
-0.00773515
-0.00773907
-0.00774297
-0.00774685
-0.00775072
-0.00775457
-0.00775841
-0.00776223
-0.00776603
-0.00776981
-0.00777359
-0.00777734
-0.00778108
-0.0077848
-0.00778851
-0.00779221
-0.00779588
-0.00779955
-0.0078032
-0.00780683
-0.00781045
-0.00781406
-0.00781765
-0.00782122
-0.00782479
-0.00782834
-0.00783187
-0.00783539
-0.0078389
-0.0078424
-0.00784588
-0.00784934
-0.0078528
-0.00785624
-0.00785967
-0.00786309
-0.00786649
-0.00786988
-0.00787326
-0.00787662
-0.00787998
-0.00788332
-0.00788665
-0.00788996
-0.00789327
-0.00789656
-0.00789984
-0.00790311

Solution para delta = 0.1
0
-0.00206697
-0.00385606
-0.00465579
-0.00511063
-0.00541491
-0.00563886
-0.0058142
-0.00595745
-0.00607817
-0.00618231
-0.0062738
-0.00635533
-0.00642886
-0.00649581
-0.00655727
-0.00661409
-0.00666692
-0.0067163
-0.00676265
-0.00680635
-0.00684768
-0.00688689
-0.00692421
-0.0069598
-0.00699383
-0.00702644
-0.00705773
-0.00708783
-0.00711682
-0.00714478
-0.00717178
-0.0071979
-0.00722319
-0.00724771
-0.0072715
-0.00729461
-0.00731707
-0.00733892
-0.00736021
-0.00738095
-0.00740118
-0.00742092
-0.00744019
-0.00745903
-0.00747744
-0.00749546
-0.00751309
-0.00753035
-0.00754727
-0.00756385
-0.0075801
-0.00759605
-0.0076117
-0.00762707
-0.00764216
-0.00765698
-0.00767155
-0.00768588
-0.00769997
-0.00771382
-0.00772746
-0.00774089
-0.0077541
-0.00776712
-0.00777994
-0.00779258
-0.00780503
-0.0078173
-0.00782941
-0.00784134
-0.00785312
-0.00786474
-0.0078762
-0.00788752
-0.00789869
-0.00790972
-0.00792062
-0.00793138
-0.00794201
-0.00795251
-0.00796289
-0.00797315
-0.00798329
-0.00799332
-0.00800323
-0.00801304
-0.00802274
-0.00803233
-0.00804182
-0.00805121
-0.00806051
-0.00806971
-0.00807881
-0.00808783
-0.00809675
-0.00810558
-0.00811433
-0.008123
-0.00813158
-0.00814009
-0.00814851
-0.00815685
-0.00816512
-0.00817332
-0.00818144
-0.00818949
-0.00819747
-0.00820538
-0.00821322
-0.00822099
-0.0082287
-0.00823635
-0.00824393
-0.00825144
-0.0082589
-0.0082663
-0.00827364
-0.00828092
-0.00828814
-0.00829531
-0.00830242
-0.00830948
-0.00831648
-0.00832343
-0.00833033
-0.00833718
-0.00834397
-0.00835072
-0.00835742
-0.00836407
-0.00837068
-0.00837724
-0.00838375
-0.00839021
-0.00839664
-0.00840302
-0.00840935
-0.00841564
-0.00842189
-0.0084281
-0.00843427
-0.0084404
-0.00844649
-0.00845253
-0.00845854
-0.00846452
-0.00847045
-0.00847635
-0.00848221
-0.00848803
-0.00849382
-0.00849957
-0.00850529
-0.00851098
-0.00851663
-0.00852224
-0.00852783
-0.00853338
-0.0085389
-0.00854438
-0.00854984
-0.00855526
-0.00856066
-0.00856602
-0.00857135
-0.00857666
-0.00858193
-0.00858718
-0.00859239
-0.00859758
-0.00860274
-0.00860787
-0.00861298
-0.00861806
-0.00862311
-0.00862813
-0.00863313
-0.0086381
-0.00864305
-0.00864797
-0.00865287
-0.00865774
-0.00866259
-0.00866741
-0.00867221
-0.00867699
-0.00868174
-0.00868647
-0.00869117
-0.00869586
-0.00870052
-0.00870516
-0.00870977
-0.00871437
-0.00871894
-0.00872349
-0.00872802
-0.00873253
-0.00873702
-0.00874148
-0.00874593
-0.00875036
-0.00875476
-0.00875915
-0.00876352
-0.00876787
-0.0087722
-0.0087765
-0.0087808
-0.00878507
-0.00878932
-0.00879356
-0.00879777
-0.00880197
-0.00880615
-0.00881031
-0.00881446
-0.00881859
-0.0088227
-0.00882679
-0.00883087
-0.00883493
-0.00883897
-0.008843
-0.00884701
-0.008851
-0.00885498
-0.00885894
-0.00886288
-0.00886681
-0.00887073
-0.00887463
-0.00887851
-0.00888238
-0.00888623
-0.00889007
-0.0088939
-0.00889771
-0.0089015
-0.00890528
-0.00890905
-0.0089128
-0.00891653
-0.00892026
-0.00892397
-0.00892766
-0.00893134
-0.00893501
-0.00893867
-0.00894231
-0.00894594
-0.00894955
-0.00895315
-0.00895674
-0.00896032
-0.00896388

Solution para delta = 1
0
-0.00208415
-0.0039847
-0.00477396
-0.00522169
-0.00552147
-0.00574244
-0.0059157
-0.00605746
-0.00617709
-0.0062804
-0.00637125
-0.00645229
-0.00652544
-0.0065921
-0.00665333
-0.00670997
-0.00676266
-0.00681194
-0.00685822
-0.00690187
-0.00694317
-0.00698237
-0.00701968
-0.00705528
-0.00708933
-0.00712196
-0.00715329
-0.00718343
-0.00721246
-0.00724047
-0.00726753
-0.00729371
-0.00731906
-0.00734363
-0.00736748
-0.00739065
-0.00741318
-0.0074351
-0.00745646
-0.00747727
-0.00749756
-0.00751737
-0.00753672
-0.00755562
-0.00757411
-0.00759219
-0.0076099
-0.00762723
-0.00764422
-0.00766086
-0.00767719
-0.00769321
-0.00770893
-0.00772436
-0.00773952
-0.00775442
-0.00776906
-0.00778345
-0.0077976
-0.00781153
-0.00782524
-0.00783873
-0.00785201
-0.00786509
-0.00787798
-0.00789068
-0.00790319
-0.00791553
-0.0079277
-0.0079397
-0.00795154
-0.00796322
-0.00797475
-0.00798613
-0.00799736
-0.00800845
-0.00801941
-0.00803023
-0.00804092
-0.00805148
-0.00806192
-0.00807224
-0.00808244
-0.00809252
-0.00810249
-0.00811236
-0.00812211
-0.00813176
-0.00814131
-0.00815076
-0.0081601
-0.00816936
-0.00817852
-0.00818758
-0.00819656
-0.00820545
-0.00821425
-0.00822297
-0.00823161
-0.00824016
-0.00824863
-0.00825703
-0.00826535
-0.0082736
-0.00828177
-0.00828987
-0.00829789
-0.00830585
-0.00831374
-0.00832157
-0.00832932
-0.00833702
-0.00834464
-0.00835221
-0.00835971
-0.00836716
-0.00837454
-0.00838187
-0.00838914
-0.00839635
-0.00840351
-0.00841061
-0.00841766
-0.00842465
-0.0084316
-0.00843849
-0.00844533
-0.00845212
-0.00845887
-0.00846556
-0.00847221
-0.00847881
-0.00848536
-0.00849187
-0.00849833
-0.00850475
-0.00851113
-0.00851746
-0.00852376
-0.00853001
-0.00853621
-0.00854238
-0.00854851
-0.0085546
-0.00856065
-0.00856666
-0.00857263
-0.00857857
-0.00858447
-0.00859033
-0.00859616
-0.00860195
-0.00860771
-0.00861343
-0.00861912
-0.00862477
-0.00863039
-0.00863598
-0.00864154
-0.00864706
-0.00865255
-0.00865801
-0.00866344
-0.00866884
-0.00867421
-0.00867955
-0.00868486
-0.00869014
-0.00869539
-0.00870061
-0.00870581
-0.00871098
-0.00871612
-0.00872123
-0.00872632
-0.00873137
-0.00873641
-0.00874141
-0.00874639
-0.00875135
-0.00875628
-0.00876119
-0.00876607
-0.00877092
-0.00877575
-0.00878056
-0.00878535
-0.00879011
-0.00879485
-0.00879956
-0.00880425
-0.00880892
-0.00881357
-0.0088182
-0.0088228
-0.00882738
-0.00883195
-0.00883649
-0.008841
-0.0088455
-0.00884998
-0.00885444
-0.00885887
-0.00886329
-0.00886769
-0.00887207
-0.00887643
-0.00888076
-0.00888508
-0.00888939
-0.00889367
-0.00889793
-0.00890218
-0.00890641
-0.00891062
-0.00891481
-0.00891898
-0.00892314
-0.00892728
-0.0089314
-0.0089355
-0.00893959
-0.00894366
-0.00894772
-0.00895175
-0.00895578
-0.00895978
-0.00896377
-0.00896774
-0.0089717
-0.00897564
-0.00897957
-0.00898348
-0.00898738
-0.00899126
-0.00899512
-0.00899897
-0.00900281
-0.00900663
-0.00901043
-0.00901423
-0.009018
-0.00902177
-0.00902552
-0.00902925
-0.00903297
-0.00903668
-0.00904038
-0.00904406
-0.00904772
-0.00905138
-0.00905502
-0.00905864
-0.00906226
-0.00906586
-0.00906945

Solution para delta = 10
0
-0.0020902
-0.00402141
-0.00480165
-0.00524468
-0.00554165
-0.00576077
-0.00593273
-0.00607353
-0.00619242
-0.00629515
-0.00638554
-0.00646621
-0.00653904
-0.00660543
-0.00666644
-0.00672289
-0.00677541
-0.00682454
-0.0068707
-0.00691423
-0.00695543
-0.00699454
-0.00703177
-0.0070673
-0.00710129
-0.00713386
-0.00716514
-0.00719523
-0.00722422
-0.00725219
-0.00727921
-0.00730535
-0.00733067
-0.00735522
-0.00737905
-0.00740219
-0.0074247
-0.0074466
-0.00746794
-0.00748873
-0.00750901
-0.0075288
-0.00754814
-0.00756703
-0.00758551
-0.00760358
-0.00762127
-0.0076386
-0.00765557
-0.00767222
-0.00768853
-0.00770455
-0.00772026
-0.00773569
-0.00775084
-0.00776573
-0.00778037
-0.00779476
-0.00780891
-0.00782283
-0.00783654
-0.00785002
-0.00786331
-0.00787639
-0.00788927
-0.00790197
-0.00791449
-0.00792682
-0.00793899
-0.00795099
-0.00796283
-0.00797451
-0.00798604
-0.00799742
-0.00800865
-0.00801974
-0.0080307
-0.00804152
-0.00805221
-0.00806277
-0.00807321
-0.00808353
-0.00809373
-0.00810382
-0.00811379
-0.00812366
-0.00813341
-0.00814306
-0.00815261
-0.00816206
-0.00817141
-0.00818067
-0.00818983
-0.0081989
-0.00820787
-0.00821677
-0.00822557
-0.00823429
-0.00824293
-0.00825148
-0.00825996
-0.00826836
-0.00827668
-0.00828493
-0.0082931
-0.0083012
-0.00830924
-0.0083172
-0.00832509
-0.00833291
-0.00834067
-0.00834837
-0.008356
-0.00836357
-0.00837107
-0.00837852
-0.00838591
-0.00839324
-0.00840051
-0.00840772
-0.00841488
-0.00842199
-0.00842904
-0.00843604
-0.00844298
-0.00844988
-0.00845672
-0.00846352
-0.00847026
-0.00847696
-0.00848361
-0.00849021
-0.00849677
-0.00850328
-0.00850975
-0.00851617
-0.00852255
-0.00852889
-0.00853518
-0.00854143
-0.00854764
-0.00855381
-0.00855995
-0.00856604
-0.00857209
-0.0085781
-0.00858408
-0.00859002
-0.00859592
-0.00860179
-0.00860762
-0.00861341
-0.00861917
-0.00862489
-0.00863059
-0.00863624
-0.00864187
-0.00864746
-0.00865302
-0.00865854
-0.00866404
-0.0086695
-0.00867493
-0.00868033
-0.00868571
-0.00869105
-0.00869636
-0.00870164
-0.0087069
-0.00871212
-0.00871732
-0.00872249
-0.00872763
-0.00873275
-0.00873784
-0.0087429
-0.00874793
-0.00875294
-0.00875793
-0.00876288
-0.00876782
-0.00877273
-0.00877761
-0.00878247
-0.0087873
-0.00879211
-0.0087969
-0.00880166
-0.00880641
-0.00881112
-0.00881582
-0.00882049
-0.00882514
-0.00882977
-0.00883438
-0.00883896
-0.00884352
-0.00884807
-0.00885259
-0.00885709
-0.00886157
-0.00886603
-0.00887047
-0.00887489
-0.00887929
-0.00888367
-0.00888803
-0.00889237
-0.00889669
-0.008901
-0.00890528
-0.00890955
-0.0089138
-0.00891803
-0.00892224
-0.00892643
-0.00893061
-0.00893477
-0.00893891
-0.00894304
-0.00894714
-0.00895123
-0.00895531
-0.00895936
-0.0089634
-0.00896743
-0.00897144
-0.00897543
-0.0089794
-0.00898336
-0.00898731
-0.00899124
-0.00899515
-0.00899905
-0.00900293
-0.0090068
-0.00901065
-0.00901449
-0.00901831
-0.00902212
-0.00902591
-0.00902969
-0.00903346
-0.00903721
-0.00904095
-0.00904467
-0.00904838
-0.00905208
-0.00905576
-0.00905943
-0.00906309
-0.00906673
-0.00907036
-0.00907397
-0.00907758
-0.00908117

Solution para delta = 100
0
-0.00209221
-0.0040229
-0.00480268
-0.00524547
-0.0055423
-0.00576133
-0.00593322
-0.00607398
-0.00619283
-0.00629553
-0.0063859
-0.00646655
-0.00653936
-0.00660574
-0.00666674
-0.00672317
-0.00677569
-0.00682481
-0.00687096
-0.00691449
-0.00695568
-0.00699478
-0.00703201
-0.00706754
-0.00710152
-0.00713409
-0.00716537
-0.00719545
-0.00722444
-0.0072524
-0.00727943
-0.00730557
-0.00733088
-0.00735543
-0.00737925
-0.0074024
-0.0074249
-0.0074468
-0.00746814
-0.00748893
-0.00750921
-0.007529
-0.00754833
-0.00756723
-0.0075857
-0.00760377
-0.00762146
-0.00763879
-0.00765576
-0.00767241
-0.00768872
-0.00770473
-0.00772045
-0.00773588
-0.00775103
-0.00776592
-0.00778055
-0.00779494
-0.0078091
-0.00782302
-0.00783672
-0.00785021
-0.00786349
-0.00787657
-0.00788945
-0.00790215
-0.00791467
-0.007927
-0.00793917
-0.00795117
-0.00796301
-0.00797469
-0.00798622
-0.00799759
-0.00800883
-0.00801992
-0.00803087
-0.0080417
-0.00805239
-0.00806295
-0.00807339
-0.00808371
-0.00809391
-0.00810399
-0.00811397
-0.00812383
-0.00813359
-0.00814324
-0.00815279
-0.00816224
-0.00817159
-0.00818084
-0.00819
-0.00819907
-0.00820805
-0.00821694
-0.00822575
-0.00823447
-0.0082431
-0.00825166
-0.00826014
-0.00826853
-0.00827686
-0.0082851
-0.00829328
-0.00830138
-0.00830941
-0.00831737
-0.00832526
-0.00833309
-0.00834085
-0.00834854
-0.00835617
-0.00836374
-0.00837125
-0.00837869
-0.00838608
-0.00839341
-0.00840068
-0.0084079
-0.00841506
-0.00842216
-0.00842921
-0.00843621
-0.00844316
-0.00845005
-0.00845689
-0.00846369
-0.00847043
-0.00847713
-0.00848378
-0.00849038
-0.00849694
-0.00850345
-0.00850992
-0.00851634
-0.00852272
-0.00852906
-0.00853535
-0.0085416
-0.00854782
-0.00855399
-0.00856012
-0.00856621
-0.00857226
-0.00857827
-0.00858425
-0.00859019
-0.00859609
-0.00860196
-0.00860779
-0.00861358
-0.00861934
-0.00862507
-0.00863076
-0.00863641
-0.00864204
-0.00864763
-0.00865319
-0.00865871
-0.00866421
-0.00866967
-0.0086751
-0.0086805
-0.00868588
-0.00869122
-0.00869653
-0.00870181
-0.00870707
-0.00871229
-0.00871749
-0.00872266
-0.0087278
-0.00873292
-0.00873801
-0.00874307
-0.0087481
-0.00875311
-0.0087581
-0.00876306
-0.00876799
-0.0087729
-0.00877778
-0.00878264
-0.00878747
-0.00879228
-0.00879707
-0.00880184
-0.00880658
-0.00881129
-0.00881599
-0.00882066
-0.00882531
-0.00882994
-0.00883455
-0.00883913
-0.0088437
-0.00884824
-0.00885276
-0.00885726
-0.00886174
-0.0088662
-0.00887064
-0.00887506
-0.00887946
-0.00888384
-0.0088882
-0.00889254
-0.00889687
-0.00890117
-0.00890545
-0.00890972
-0.00891397
-0.0089182
-0.00892241
-0.00892661
-0.00893078
-0.00893494
-0.00893908
-0.00894321
-0.00894731
-0.0089514
-0.00895548
-0.00895953
-0.00896357
-0.0089676
-0.00897161
-0.0089756
-0.00897957
-0.00898353
-0.00898748
-0.00899141
-0.00899532
-0.00899922
-0.0090031
-0.00900697
-0.00901082
-0.00901466
-0.00901848
-0.00902229
-0.00902608
-0.00902986
-0.00903363
-0.00903738
-0.00904112
-0.00904484
-0.00904855
-0.00905225
-0.00905593
-0.0090596
-0.00906326
-0.0090669
-0.00907053
-0.00907415
-0.00907775
-0.00908134

Solution para delta = 1000
0
-0.00209284
-0.00402369
-0.00480324
-0.00524592
-0.00554268
-0.00576167
-0.00593353
-0.00607426
-0.00619309
-0.00629578
-0.00638614
-0.00646678
-0.00653958
-0.00660596
-0.00666695
-0.00672338
-0.00677589
-0.00682501
-0.00687115
-0.00691468
-0.00695587
-0.00699497
-0.0070322
-0.00706772
-0.0071017
-0.00713427
-0.00716554
-0.00719563
-0.00722461
-0.00725258
-0.0072796
-0.00730574
-0.00733105
-0.0073556
-0.00737942
-0.00740257
-0.00742507
-0.00744697
-0.0074683
-0.00748909
-0.00750937
-0.00752917
-0.0075485
-0.00756739
-0.00758586
-0.00760394
-0.00762163
-0.00763895
-0.00765593
-0.00767257
-0.00768889
-0.0077049
-0.00772061
-0.00773604
-0.00775119
-0.00776608
-0.00778071
-0.0077951
-0.00780926
-0.00782318
-0.00783688
-0.00785037
-0.00786365
-0.00787673
-0.00788961
-0.00790231
-0.00791483
-0.00792716
-0.00793933
-0.00795133
-0.00796317
-0.00797485
-0.00798637
-0.00799775
-0.00800899
-0.00802008
-0.00803103
-0.00804185
-0.00805254
-0.00806311
-0.00807355
-0.00808387
-0.00809407
-0.00810415
-0.00811413
-0.00812399
-0.00813374
-0.0081434
-0.00815294
-0.00816239
-0.00817174
-0.008181
-0.00819016
-0.00819923
-0.00820821
-0.0082171
-0.0082259
-0.00823462
-0.00824326
-0.00825182
-0.00826029
-0.00826869
-0.00827701
-0.00828526
-0.00829343
-0.00830153
-0.00830957
-0.00831753
-0.00832542
-0.00833324
-0.008341
-0.0083487
-0.00835633
-0.0083639
-0.0083714
-0.00837885
-0.00838624
-0.00839357
-0.00840084
-0.00840805
-0.00841521
-0.00842232
-0.00842937
-0.00843637
-0.00844331
-0.00845021
-0.00845705
-0.00846385
-0.00847059
-0.00847729
-0.00848394
-0.00849054
-0.0084971
-0.00850361
-0.00851008
-0.0085165
-0.00852288
-0.00852921
-0.00853551
-0.00854176
-0.00854797
-0.00855414
-0.00856027
-0.00856637
-0.00857242
-0.00857843
-0.00858441
-0.00859035
-0.00859625
-0.00860211
-0.00860794
-0.00861374
-0.0086195
-0.00862522
-0.00863091
-0.00863657
-0.00864219
-0.00864779
-0.00865334
-0.00865887
-0.00866436
-0.00866983
-0.00867526
-0.00868066
-0.00868603
-0.00869138
-0.00869669
-0.00870197
-0.00870723
-0.00871245
-0.00871765
-0.00872282
-0.00872796
-0.00873308
-0.00873817
-0.00874323
-0.00874826
-0.00875327
-0.00875826
-0.00876321
-0.00876815
-0.00877305
-0.00877794
-0.0087828
-0.00878763
-0.00879244
-0.00879723
-0.00880199
-0.00880673
-0.00881145
-0.00881615
-0.00882082
-0.00882547
-0.0088301
-0.0088347
-0.00883929
-0.00884385
-0.0088484
-0.00885292
-0.00885742
-0.0088619
-0.00886636
-0.0088708
-0.00887522
-0.00887962
-0.008884
-0.00888836
-0.0088927
-0.00889702
-0.00890133
-0.00890561
-0.00890988
-0.00891413
-0.00891836
-0.00892257
-0.00892676
-0.00893094
-0.0089351
-0.00893924
-0.00894337
-0.00894747
-0.00895156
-0.00895564
-0.00895969
-0.00896373
-0.00896776
-0.00897177
-0.00897576
-0.00897973
-0.00898369
-0.00898764
-0.00899157
-0.00899548
-0.00899938
-0.00900326
-0.00900713
-0.00901098
-0.00901482
-0.00901864
-0.00902245
-0.00902624
-0.00903002
-0.00903379
-0.00903754
-0.00904128
-0.009045
-0.00904871
-0.00905241
-0.00905609
-0.00905976
-0.00906342
-0.00906706
-0.00907069
-0.00907431
-0.00907791
-0.0090815

Solution para delta = 10000
0
-0.00209304
-0.0040242
-0.00480362
-0.00524623
-0.00554295
-0.00576191
-0.00593375
-0.00607447
-0.00619329
-0.00629597
-0.00638632
-0.00646695
-0.00653975
-0.00660612
-0.00666711
-0.00672354
-0.00677605
-0.00682516
-0.00687131
-0.00691483
-0.00695602
-0.00699512
-0.00703234
-0.00706787
-0.00710185
-0.00713441
-0.00716569
-0.00719577
-0.00722475
-0.00725272
-0.00727974
-0.00730588
-0.00733119
-0.00735574
-0.00737956
-0.0074027
-0.00742521
-0.00744711
-0.00746844
-0.00748923
-0.00750951
-0.0075293
-0.00754864
-0.00756753
-0.007586
-0.00760407
-0.00762176
-0.00763909
-0.00765606
-0.0076727
-0.00768902
-0.00770503
-0.00772074
-0.00773617
-0.00775133
-0.00776622
-0.00778085
-0.00779524
-0.00780939
-0.00782331
-0.00783701
-0.0078505
-0.00786378
-0.00787686
-0.00788975
-0.00790244
-0.00791496
-0.0079273
-0.00793946
-0.00795146
-0.0079633
-0.00797498
-0.00798651
-0.00799789
-0.00800912
-0.00802021
-0.00803117
-0.00804199
-0.00805268
-0.00806324
-0.00807368
-0.008084
-0.0080942
-0.00810429
-0.00811426
-0.00812412
-0.00813388
-0.00814353
-0.00815308
-0.00816253
-0.00817188
-0.00818113
-0.00819029
-0.00819936
-0.00820834
-0.00821723
-0.00822604
-0.00823476
-0.00824339
-0.00825195
-0.00826043
-0.00826883
-0.00827715
-0.00828539
-0.00829357
-0.00830167
-0.0083097
-0.00831766
-0.00832555
-0.00833338
-0.00834114
-0.00834883
-0.00835646
-0.00836403
-0.00837154
-0.00837898
-0.00838637
-0.0083937
-0.00840097
-0.00840819
-0.00841535
-0.00842245
-0.0084295
-0.0084365
-0.00844345
-0.00845034
-0.00845719
-0.00846398
-0.00847073
-0.00847742
-0.00848407
-0.00849068
-0.00849723
-0.00850374
-0.00851021
-0.00851663
-0.00852301
-0.00852935
-0.00853564
-0.0085419
-0.00854811
-0.00855428
-0.00856041
-0.0085665
-0.00857255
-0.00857857
-0.00858454
-0.00859048
-0.00859638
-0.00860225
-0.00860808
-0.00861387
-0.00861963
-0.00862536
-0.00863105
-0.00863671
-0.00864233
-0.00864792
-0.00865348
-0.00865901
-0.0086645
-0.00866996
-0.0086754
-0.0086808
-0.00868617
-0.00869151
-0.00869682
-0.00870211
-0.00870736
-0.00871259
-0.00871779
-0.00872296
-0.0087281
-0.00873321
-0.0087383
-0.00874336
-0.0087484
-0.00875341
-0.00875839
-0.00876335
-0.00876828
-0.00877319
-0.00877807
-0.00878293
-0.00878777
-0.00879258
-0.00879737
-0.00880213
-0.00880687
-0.00881159
-0.00881628
-0.00882096
-0.00882561
-0.00883023
-0.00883484
-0.00883943
-0.00884399
-0.00884853
-0.00885305
-0.00885755
-0.00886204
-0.0088665
-0.00887093
-0.00887535
-0.00887975
-0.00888414
-0.0088885
-0.00889284
-0.00889716
-0.00890146
-0.00890575
-0.00891002
-0.00891426
-0.00891849
-0.00892271
-0.0089269
-0.00893108
-0.00893524
-0.00893938
-0.0089435
-0.00894761
-0.0089517
-0.00895577
-0.00895983
-0.00896387
-0.00896789
-0.0089719
-0.00897589
-0.00897987
-0.00898383
-0.00898777
-0.0089917
-0.00899562
-0.00899951
-0.0090034
-0.00900726
-0.00901112
-0.00901496
-0.00901878
-0.00902259
-0.00902638
-0.00903016
-0.00903393
-0.00903768
-0.00904142
-0.00904514
-0.00904885
-0.00905255
-0.00905623
-0.0090599
-0.00906355
-0.0090672
-0.00907083
-0.00907444
-0.00907805
-0.00908164

Solution para delta = 100000
0
-0.0020931
-0.00402459
-0.00480391
-0.00524647
-0.00554316
-0.0057621
-0.00593393
-0.00607463
-0.00619345
-0.00629612
-0.00638647
-0.00646709
-0.0065399
-0.00660626
-0.00666725
-0.00672367
-0.00677618
-0.00682529
-0.00687144
-0.00691496
-0.00695614
-0.00699524
-0.00703247
-0.00706799
-0.00710197
-0.00713454
-0.00716581
-0.00719589
-0.00722488
-0.00725284
-0.00727986
-0.007306
-0.00733131
-0.00735586
-0.00737968
-0.00740282
-0.00742533
-0.00744723
-0.00746856
-0.00748935
-0.00750963
-0.00752942
-0.00754875
-0.00756764
-0.00758612
-0.00760419
-0.00762188
-0.0076392
-0.00765618
-0.00767282
-0.00768914
-0.00770515
-0.00772086
-0.00773629
-0.00775144
-0.00776633
-0.00778097
-0.00779536
-0.00780951
-0.00782343
-0.00783713
-0.00785062
-0.0078639
-0.00787698
-0.00788986
-0.00790256
-0.00791508
-0.00792741
-0.00793958
-0.00795158
-0.00796342
-0.0079751
-0.00798662
-0.007998
-0.00800924
-0.00802033
-0.00803128
-0.0080421
-0.00805279
-0.00806336
-0.0080738
-0.00808412
-0.00809432
-0.0081044
-0.00811438
-0.00812424
-0.008134
-0.00814365
-0.00815319
-0.00816264
-0.00817199
-0.00818125
-0.00819041
-0.00819948
-0.00820846
-0.00821735
-0.00822615
-0.00823487
-0.00824351
-0.00825207
-0.00826054
-0.00826894
-0.00827726
-0.00828551
-0.00829368
-0.00830179
-0.00830982
-0.00831778
-0.00832567
-0.00833349
-0.00834125
-0.00834895
-0.00835658
-0.00836415
-0.00837166
-0.0083791
-0.00838649
-0.00839382
-0.00840109
-0.0084083
-0.00841546
-0.00842257
-0.00842962
-0.00843662
-0.00844356
-0.00845046
-0.0084573
-0.0084641
-0.00847084
-0.00847754
-0.00848419
-0.00849079
-0.00849735
-0.00850386
-0.00851033
-0.00851675
-0.00852313
-0.00852947
-0.00853576
-0.00854201
-0.00854822
-0.0085544
-0.00856053
-0.00856662
-0.00857267
-0.00857868
-0.00858466
-0.0085906
-0.0085965
-0.00860237
-0.0086082
-0.00861399
-0.00861975
-0.00862548
-0.00863117
-0.00863682
-0.00864245
-0.00864804
-0.0086536
-0.00865912
-0.00866462
-0.00867008
-0.00867551
-0.00868092
-0.00868629
-0.00869163
-0.00869694
-0.00870223
-0.00870748
-0.00871271
-0.0087179
-0.00872307
-0.00872822
-0.00873333
-0.00873842
-0.00874348
-0.00874852
-0.00875353
-0.00875851
-0.00876347
-0.0087684
-0.00877331
-0.00877819
-0.00878305
-0.00878789
-0.0087927
-0.00879748
-0.00880225
-0.00880699
-0.00881171
-0.0088164
-0.00882107
-0.00882573
-0.00883035
-0.00883496
-0.00883955
-0.00884411
-0.00884865
-0.00885317
-0.00885767
-0.00886215
-0.00886661
-0.00887105
-0.00887547
-0.00887987
-0.00888425
-0.00888862
-0.00889296
-0.00889728
-0.00890158
-0.00890587
-0.00891014
-0.00891438
-0.00891861
-0.00892283
-0.00892702
-0.0089312
-0.00893536
-0.0089395
-0.00894362
-0.00894773
-0.00895182
-0.00895589
-0.00895995
-0.00896399
-0.00896801
-0.00897202
-0.00897601
-0.00897999
-0.00898395
-0.00898789
-0.00899182
-0.00899574
-0.00899963
-0.00900352
-0.00900738
-0.00901124
-0.00901508
-0.0090189
-0.00902271
-0.0090265
-0.00903028
-0.00903405
-0.0090378
-0.00904154
-0.00904526
-0.00904897
-0.00905267
-0.00905635
-0.00906002
-0.00906368
-0.00906732
-0.00907095
-0.00907456
-0.00907817
-0.00908176

Solution para delta = 1e+06
0
-0.00209312
-0.00402492
-0.00480417
-0.00524668
-0.00554335
-0.00576227
-0.00593409
-0.00607478
-0.00619359
-0.00629626
-0.0063866
-0.00646722
-0.00654002
-0.00660638
-0.00666737
-0.00672379
-0.0067763
-0.00682541
-0.00687155
-0.00691507
-0.00695626
-0.00699536
-0.00703258
-0.0070681
-0.00710208
-0.00713465
-0.00716592
-0.007196
-0.00722499
-0.00725295
-0.00727997
-0.00730611
-0.00733142
-0.00735597
-0.00737979
-0.00740293
-0.00742543
-0.00744734
-0.00746867
-0.00748946
-0.00750974
-0.00752953
-0.00754886
-0.00756775
-0.00758622
-0.0076043
-0.00762199
-0.00763931
-0.00765629
-0.00767293
-0.00768924
-0.00770525
-0.00772097
-0.00773639
-0.00775155
-0.00776644
-0.00778107
-0.00779546
-0.00780961
-0.00782353
-0.00783724
-0.00785072
-0.007864
-0.00787708
-0.00788997
-0.00790267
-0.00791518
-0.00792752
-0.00793969
-0.00795168
-0.00796352
-0.0079752
-0.00798673
-0.00799811
-0.00800934
-0.00802043
-0.00803139
-0.00804221
-0.0080529
-0.00806346
-0.0080739
-0.00808422
-0.00809442
-0.00810451
-0.00811448
-0.00812434
-0.0081341
-0.00814375
-0.0081533
-0.00816275
-0.0081721
-0.00818135
-0.00819051
-0.00819958
-0.00820856
-0.00821745
-0.00822626
-0.00823498
-0.00824362
-0.00825217
-0.00826065
-0.00826905
-0.00827737
-0.00828562
-0.00829379
-0.00830189
-0.00830992
-0.00831788
-0.00832577
-0.0083336
-0.00834136
-0.00834905
-0.00835669
-0.00836425
-0.00837176
-0.00837921
-0.00838659
-0.00839392
-0.0084012
-0.00840841
-0.00841557
-0.00842267
-0.00842973
-0.00843672
-0.00844367
-0.00845056
-0.00845741
-0.0084642
-0.00847095
-0.00847765
-0.0084843
-0.0084909
-0.00849746
-0.00850397
-0.00851043
-0.00851686
-0.00852324
-0.00852957
-0.00853587
-0.00854212
-0.00854833
-0.0085545
-0.00856063
-0.00856672
-0.00857278
-0.00857879
-0.00858477
-0.00859071
-0.00859661
-0.00860247
-0.0086083
-0.0086141
-0.00861986
-0.00862558
-0.00863127
-0.00863693
-0.00864255
-0.00864815
-0.0086537
-0.00865923
-0.00866472
-0.00867019
-0.00867562
-0.00868102
-0.00868639
-0.00869174
-0.00869705
-0.00870233
-0.00870759
-0.00871281
-0.00871801
-0.00872318
-0.00872832
-0.00873344
-0.00873853
-0.00874359
-0.00874862
-0.00875363
-0.00875862
-0.00876358
-0.00876851
-0.00877342
-0.0087783
-0.00878316
-0.00878799
-0.0087928
-0.00879759
-0.00880236
-0.0088071
-0.00881181
-0.00881651
-0.00882118
-0.00882583
-0.00883046
-0.00883507
-0.00883965
-0.00884422
-0.00884876
-0.00885328
-0.00885778
-0.00886226
-0.00886672
-0.00887116
-0.00887558
-0.00887998
-0.00888436
-0.00888872
-0.00889307
-0.00889739
-0.00890169
-0.00890598
-0.00891024
-0.00891449
-0.00891872
-0.00892293
-0.00892713
-0.00893131
-0.00893546
-0.00893961
-0.00894373
-0.00894784
-0.00895193
-0.008956
-0.00896006
-0.0089641
-0.00896812
-0.00897213
-0.00897612
-0.0089801
-0.00898406
-0.008988
-0.00899193
-0.00899584
-0.00899974
-0.00900363
-0.00900749
-0.00901135
-0.00901518
-0.00901901
-0.00902282
-0.00902661
-0.00903039
-0.00903416
-0.00903791
-0.00904165
-0.00904537
-0.00904908
-0.00905278
-0.00905646
-0.00906013
-0.00906378
-0.00906743
-0.00907106
-0.00907467
-0.00907828
-0.00908187

Solution para delta = 1e+07
0
-0.00209313
-0.00402524
-0.00480441
-0.00524688
-0.00554353
-0.00576243
-0.00593424
-0.00607492
-0.00619373
-0.00629639
-0.00638673
-0.00646735
-0.00654014
-0.0066065
-0.00666749
-0.00672391
-0.00677641
-0.00682552
-0.00687166
-0.00691518
-0.00695637
-0.00699547
-0.00703269
-0.00706821
-0.00710219
-0.00713475
-0.00716603
-0.00719611
-0.00722509
-0.00725306
-0.00728007
-0.00730621
-0.00733153
-0.00735607
-0.00737989
-0.00740304
-0.00742554
-0.00744744
-0.00746877
-0.00748956
-0.00750984
-0.00752963
-0.00754896
-0.00756785
-0.00758633
-0.0076044
-0.00762209
-0.00763941
-0.00765639
-0.00767303
-0.00768935
-0.00770536
-0.00772107
-0.0077365
-0.00775165
-0.00776654
-0.00778117
-0.00779556
-0.00780971
-0.00782364
-0.00783734
-0.00785083
-0.00786411
-0.00787719
-0.00789007
-0.00790277
-0.00791528
-0.00792762
-0.00793979
-0.00795179
-0.00796362
-0.0079753
-0.00798683
-0.00799821
-0.00800944
-0.00802054
-0.00803149
-0.00804231
-0.008053
-0.00806357
-0.008074
-0.00808432
-0.00809452
-0.00810461
-0.00811458
-0.00812445
-0.0081342
-0.00814385
-0.0081534
-0.00816285
-0.0081722
-0.00818146
-0.00819062
-0.00819969
-0.00820866
-0.00821756
-0.00822636
-0.00823508
-0.00824372
-0.00825227
-0.00826075
-0.00826915
-0.00827747
-0.00828572
-0.00829389
-0.00830199
-0.00831002
-0.00831799
-0.00832588
-0.0083337
-0.00834146
-0.00834916
-0.00835679
-0.00836436
-0.00837186
-0.00837931
-0.0083867
-0.00839403
-0.0084013
-0.00840851
-0.00841567
-0.00842278
-0.00842983
-0.00843683
-0.00844377
-0.00845067
-0.00845751
-0.00846431
-0.00847105
-0.00847775
-0.0084844
-0.008491
-0.00849756
-0.00850407
-0.00851054
-0.00851696
-0.00852334
-0.00852968
-0.00853597
-0.00854222
-0.00854843
-0.00855461
-0.00856074
-0.00856683
-0.00857288
-0.0085789
-0.00858487
-0.00859081
-0.00859671
-0.00860258
-0.00860841
-0.0086142
-0.00861996
-0.00862569
-0.00863138
-0.00863703
-0.00864266
-0.00864825
-0.00865381
-0.00865933
-0.00866483
-0.00867029
-0.00867573
-0.00868113
-0.0086865
-0.00869184
-0.00869715
-0.00870244
-0.00870769
-0.00871292
-0.00871812
-0.00872329
-0.00872843
-0.00873354
-0.00873863
-0.00874369
-0.00874873
-0.00875374
-0.00875872
-0.00876368
-0.00876861
-0.00877352
-0.0087784
-0.00878326
-0.0087881
-0.00879291
-0.0087977
-0.00880246
-0.0088072
-0.00881192
-0.00881661
-0.00882129
-0.00882594
-0.00883057
-0.00883517
-0.00883976
-0.00884432
-0.00884886
-0.00885339
-0.00885789
-0.00886237
-0.00886683
-0.00887127
-0.00887569
-0.00888009
-0.00888447
-0.00888883
-0.00889317
-0.00889749
-0.0089018
-0.00890608
-0.00891035
-0.0089146
-0.00891883
-0.00892304
-0.00892723
-0.00893141
-0.00893557
-0.00893971
-0.00894384
-0.00894794
-0.00895203
-0.00895611
-0.00896016
-0.0089642
-0.00896823
-0.00897224
-0.00897623
-0.0089802
-0.00898416
-0.00898811
-0.00899204
-0.00899595
-0.00899985
-0.00900373
-0.0090076
-0.00901145
-0.00901529
-0.00901911
-0.00902292
-0.00902672
-0.0090305
-0.00903426
-0.00903801
-0.00904175
-0.00904548
-0.00904919
-0.00905288
-0.00905657
-0.00906023
-0.00906389
-0.00906753
-0.00907116
-0.00907478
-0.00907838
-0.00908197

Solution para delta = 1e+08
0
-0.00209313
-0.00402561
-0.00480469
-0.00524711
-0.00554373
-0.00576261
-0.00593441
-0.00607509
-0.00619388
-0.00629654
-0.00638687
-0.00646749
-0.00654028
-0.00660664
-0.00666762
-0.00672404
-0.00677654
-0.00682565
-0.00687179
-0.00691531
-0.00695649
-0.00699559
-0.00703281
-0.00706833
-0.00710231
-0.00713488
-0.00716615
-0.00719623
-0.00722521
-0.00725318
-0.00728019
-0.00730633
-0.00733165
-0.00735619
-0.00738001
-0.00740315
-0.00742566
-0.00744756
-0.00746889
-0.00748968
-0.00750996
-0.00752975
-0.00754908
-0.00756797
-0.00758644
-0.00760452
-0.00762221
-0.00763953
-0.00765651
-0.00767314
-0.00768946
-0.00770547
-0.00772119
-0.00773661
-0.00775177
-0.00776666
-0.00778129
-0.00779568
-0.00780983
-0.00782375
-0.00783745
-0.00785094
-0.00786422
-0.0078773
-0.00789019
-0.00790288
-0.0079154
-0.00792774
-0.0079399
-0.0079519
-0.00796374
-0.00797542
-0.00798695
-0.00799833
-0.00800956
-0.00802065
-0.00803161
-0.00804243
-0.00805312
-0.00806368
-0.00807412
-0.00808444
-0.00809464
-0.00810473
-0.0081147
-0.00812456
-0.00813432
-0.00814397
-0.00815352
-0.00816297
-0.00817232
-0.00818157
-0.00819073
-0.0081998
-0.00820878
-0.00821767
-0.00822648
-0.0082352
-0.00824383
-0.00825239
-0.00826087
-0.00826927
-0.00827759
-0.00828584
-0.00829401
-0.00830211
-0.00831014
-0.0083181
-0.00832599
-0.00833382
-0.00834158
-0.00834927
-0.00835691
-0.00836447
-0.00837198
-0.00837943
-0.00838682
-0.00839414
-0.00840142
-0.00840863
-0.00841579
-0.0084229
-0.00842995
-0.00843694
-0.00844389
-0.00845079
-0.00845763
-0.00846442
-0.00847117
-0.00847787
-0.00848452
-0.00849112
-0.00849768
-0.00850419
-0.00851066
-0.00851708
-0.00852346
-0.00852979
-0.00853609
-0.00854234
-0.00854855
-0.00855472
-0.00856085
-0.00856695
-0.008573
-0.00857901
-0.00858499
-0.00859093
-0.00859683
-0.0086027
-0.00860853
-0.00861432
-0.00862008
-0.00862581
-0.0086315
-0.00863715
-0.00864278
-0.00864837
-0.00865393
-0.00865945
-0.00866495
-0.00867041
-0.00867584
-0.00868125
-0.00868662
-0.00869196
-0.00869727
-0.00870256
-0.00870781
-0.00871304
-0.00871823
-0.0087234
-0.00872855
-0.00873366
-0.00873875
-0.00874381
-0.00874885
-0.00875386
-0.00875884
-0.0087638
-0.00876873
-0.00877364
-0.00877852
-0.00878338
-0.00878822
-0.00879303
-0.00879782
-0.00880258
-0.00880732
-0.00881204
-0.00881673
-0.00882141
-0.00882606
-0.00883069
-0.00883529
-0.00883988
-0.00884444
-0.00884898
-0.00885351
-0.00885801
-0.00886249
-0.00886695
-0.00887139
-0.00887581
-0.00888021
-0.00888459
-0.00888895
-0.00889329
-0.00889761
-0.00890192
-0.0089062
-0.00891047
-0.00891472
-0.00891895
-0.00892316
-0.00892735
-0.00893153
-0.00893569
-0.00893983
-0.00894396
-0.00894806
-0.00895215
-0.00895623
-0.00896028
-0.00896432
-0.00896835
-0.00897236
-0.00897635
-0.00898032
-0.00898428
-0.00898823
-0.00899216
-0.00899607
-0.00899997
-0.00900385
-0.00900772
-0.00901157
-0.00901541
-0.00901923
-0.00902304
-0.00902684
-0.00903062
-0.00903438
-0.00903814
-0.00904187
-0.0090456
-0.00904931
-0.009053
-0.00905669
-0.00906036
-0.00906401
-0.00906765
-0.00907128
-0.0090749
-0.0090785
-0.00908209
