
Solution para delta = 0.001
0
0.00120654
0.00132712
0.00140588
0.0014651
0.00151296
0.00155335
0.00158843
0.00161954
0.00164755
0.00167309
0.00169658
0.00171838
0.00173872
0.00175782
0.00177583
0.00179289
0.0018091
0.00182456
0.00183934
0.0018535
0.00186711
0.00188021
0.00189284
0.00190504
0.00191684
0.00192828
0.00193938
0.00195015
0.00196063
0.00197084
0.00198077
0.00199047

Solution para delta = 0.01
0
-0.00538373
-0.00584995
-0.00613653
-0.00634395
-0.00650709
-0.00664194
-0.00675711
-0.0068578
-0.00694736
-0.00702809
-0.00710165
-0.00716926
-0.00723185
-0.00729015
-0.00734472
-0.00739605
-0.00744451
-0.00749042
-0.00753404
-0.00757562
-0.00761533
-0.00765335
-0.00768982
-0.00772487
-0.00775861
-0.00779115
-0.00782256
-0.00785293
-0.00788233
-0.00791082
-0.00793846
-0.0079653

Solution para delta = 0.1
0
-0.00631379
-0.00675106
-0.00703041
-0.0072371
-0.00740194
-0.00753949
-0.0076578
-0.00776177
-0.00785464
-0.00793864
-0.00801539
-0.00808608
-0.00815166
-0.00821284
-0.0082702
-0.00832421
-0.00837527
-0.00842368
-0.00846973
-0.00851365
-0.00855563
-0.00859584
-0.00863444
-0.00867156
-0.00870731
-0.0087418
-0.00877511
-0.00880732
-0.00883852
-0.00886876
-0.00889811
-0.00892662

Solution para delta = 1
0
-0.0064102
-0.00684758
-0.00712768
-0.00733518
-0.00750081
-0.0076391
-0.00775808
-0.00786268
-0.00795612
-0.00804066
-0.00811791
-0.00818908
-0.00825509
-0.00831669
-0.00837445
-0.00842884
-0.00848025
-0.008529
-0.00857538
-0.00861961
-0.00866189
-0.00870239
-0.00874127
-0.00877866
-0.00881467
-0.0088494
-0.00888296
-0.00891541
-0.00894683
-0.0089773
-0.00900686
-0.00903558

Solution para delta = 10
0
-0.00641972
-0.00685714
-0.00713731
-0.00734491
-0.00751062
-0.00764898
-0.00776803
-0.00787269
-0.00796619
-0.00805078
-0.00812808
-0.0081993
-0.00826536
-0.008327
-0.0083848
-0.00843922
-0.00849067
-0.00853946
-0.00858587
-0.00863013
-0.00867244
-0.00871297
-0.00875188
-0.00878929
-0.00882533
-0.00886009
-0.00889367
-0.00892614
-0.00895759
-0.00898808
-0.00901766
-0.0090464

Solution para delta = 100
0
-0.00642068
-0.00685809
-0.00713828
-0.00734588
-0.0075116
-0.00764996
-0.00776902
-0.00787369
-0.0079672
-0.00805179
-0.0081291
-0.00820032
-0.00826639
-0.00832803
-0.00838583
-0.00844026
-0.00849171
-0.0085405
-0.00858692
-0.00863118
-0.00867349
-0.00871403
-0.00875294
-0.00879036
-0.00882639
-0.00886116
-0.00889474
-0.00892721
-0.00895866
-0.00898915
-0.00901874
-0.00904748

Solution para delta = 1000
0
-0.00642077
-0.00685819
-0.00713837
-0.00734597
-0.00751169
-0.00765006
-0.00776912
-0.00787379
-0.0079673
-0.0080519
-0.0081292
-0.00820042
-0.00826649
-0.00832813
-0.00838593
-0.00844036
-0.00849181
-0.00854061
-0.00858702
-0.00863128
-0.0086736
-0.00871413
-0.00875304
-0.00879046
-0.0088265
-0.00886126
-0.00889484
-0.00892732
-0.00895877
-0.00898926
-0.00901885
-0.00904759

Solution para delta = 10000
0
-0.00642078
-0.00685819
-0.00713838
-0.00734598
-0.0075117
-0.00765007
-0.00776913
-0.0078738
-0.00796731
-0.00805191
-0.00812921
-0.00820043
-0.0082665
-0.00832814
-0.00838594
-0.00844037
-0.00849182
-0.00854062
-0.00858703
-0.00863129
-0.00867361
-0.00871414
-0.00875306
-0.00879047
-0.00882651
-0.00886127
-0.00889485
-0.00892733
-0.00895878
-0.00898927
-0.00901886
-0.0090476

Solution para delta = 100000
0
-0.00642078
-0.0068582
-0.00713838
-0.00734599
-0.0075117
-0.00765007
-0.00776913
-0.0078738
-0.00796731
-0.00805191
-0.00812921
-0.00820043
-0.0082665
-0.00832814
-0.00838594
-0.00844037
-0.00849182
-0.00854062
-0.00858703
-0.00863129
-0.00867361
-0.00871415
-0.00875306
-0.00879047
-0.00882651
-0.00886128
-0.00889485
-0.00892733
-0.00895878
-0.00898927
-0.00901886
-0.0090476

Solution para delta = 1e+06
0
-0.00642078
-0.0068582
-0.00713838
-0.00734599
-0.0075117
-0.00765007
-0.00776913
-0.0078738
-0.00796731
-0.00805191
-0.00812921
-0.00820043
-0.0082665
-0.00832814
-0.00838594
-0.00844037
-0.00849183
-0.00854062
-0.00858703
-0.00863129
-0.00867361
-0.00871415
-0.00875306
-0.00879047
-0.00882651
-0.00886128
-0.00889485
-0.00892733
-0.00895878
-0.00898927
-0.00901886
-0.0090476

Solution para delta = 1e+07
0
-0.00642078
-0.0068582
-0.00713838
-0.00734599
-0.0075117
-0.00765007
-0.00776913
-0.0078738
-0.00796731
-0.00805191
-0.00812921
-0.00820043
-0.0082665
-0.00832814
-0.00838594
-0.00844037
-0.00849183
-0.00854062
-0.00858703
-0.00863129
-0.00867361
-0.00871415
-0.00875306
-0.00879047
-0.00882651
-0.00886128
-0.00889485
-0.00892733
-0.00895878
-0.00898927
-0.00901886
-0.0090476

Solution para delta = 1e+08
0
-0.00642078
-0.0068582
-0.00713838
-0.00734599
-0.0075117
-0.00765007
-0.00776913
-0.0078738
-0.00796731
-0.00805191
-0.00812921
-0.00820043
-0.0082665
-0.00832814
-0.00838594
-0.00844037
-0.00849183
-0.00854062
-0.00858703
-0.00863129
-0.00867361
-0.00871415
-0.00875306
-0.00879047
-0.00882651
-0.00886128
-0.00889485
-0.00892733
-0.00895878
-0.00898927
-0.00901886
-0.0090476
