
Solution para delta = 0.01
0
-0.00382869
-0.00452105
-0.00487249
-0.00510417
-0.00527725
-0.00541601
-0.00553233
-0.00563288
-0.00572174
-0.00580158
-0.00587425
-0.00594109
-0.00600308
-0.00606098
-0.00611538
-0.00616675
-0.00621547
-0.00626186
-0.00630617
-0.00634861
-0.00638939
-0.00642864
-0.00646652
-0.00650314
-0.00653859
-0.00657299
-0.00660639
-0.00663888
-0.00667053
-0.00670138
-0.00673149
-0.0067609
-0.00678967
-0.00681782
-0.00684539
-0.00687242
-0.00689893
-0.00692496
-0.00695052
-0.00697564
-0.00700034
-0.00702464
-0.00704856
-0.00707211
-0.00709532
-0.0071182
-0.00714076
-0.00716301
-0.00718497
-0.00720664
-0.00722805
-0.00724919
-0.00727009
-0.00729074
-0.00731116
-0.00733135
-0.00735133
-0.0073711
-0.00739066
-0.00741003
-0.00742921
-0.0074482
-0.00746702
-0.00748566
-0.00750414
-0.00752245
-0.0075406
-0.00755861
-0.00757646
-0.00759417
-0.00761173
-0.00762916
-0.00764646
-0.00766363
-0.00768067
-0.00769758
-0.00771438
-0.00773106
-0.00774762
-0.00776408
-0.00778042
-0.00779666
-0.00781279
-0.00782883
-0.00784476
-0.0078606
-0.00787634
-0.00789199
-0.00790755
-0.00792302
-0.0079384
-0.0079537
-0.00796892
-0.00798405
-0.00799911
-0.00801408
-0.00802898
-0.00804381
-0.00805856
-0.00807324
-0.00808784
-0.00810238
-0.00811685
-0.00813126
-0.00814559
-0.00815987
-0.00817408
-0.00818822
-0.00820231
-0.00821634
-0.0082303
-0.00824421
-0.00825807
-0.00827186
-0.0082856
-0.00829929
-0.00831292
-0.00832651
-0.00834004
-0.00835351
-0.00836694
-0.00838032
-0.00839366
-0.00840694
-0.00842018
-0.00843337
-0.00844651
-0.00845961

Solution para delta = 0.1
0
-0.0040558
-0.00514686
-0.00564104
-0.0059463
-0.00616435
-0.00633338
-0.00647132
-0.00658792
-0.006689
-0.00677829
-0.00685834
-0.00693093
-0.00699741
-0.00705875
-0.00711574
-0.00716898
-0.00721895
-0.00726606
-0.00731064
-0.00735296
-0.00739325
-0.00743172
-0.00746852
-0.0075038
-0.00753771
-0.00757033
-0.00760179
-0.00763215
-0.00766151
-0.00768993
-0.00771747
-0.00774419
-0.00777014
-0.00779537
-0.00781992
-0.00784383
-0.00786713
-0.00788986
-0.00791204
-0.00793371
-0.00795488
-0.00797559
-0.00799586
-0.0080157
-0.00803513
-0.00805418
-0.00807285
-0.00809117
-0.00810915
-0.00812679
-0.00814413
-0.00816116
-0.0081779
-0.00819436
-0.00821055
-0.00822647
-0.00824215
-0.00825758
-0.00827278
-0.00828775
-0.0083025
-0.00831704
-0.00833137
-0.0083455
-0.00835944
-0.00837318
-0.00838675
-0.00840014
-0.00841336
-0.00842641
-0.0084393
-0.00845203
-0.0084646
-0.00847703
-0.00848931
-0.00850145
-0.00851344
-0.00852531
-0.00853704
-0.00854865
-0.00856012
-0.00857148
-0.00858272
-0.00859384
-0.00860484
-0.00861574
-0.00862652
-0.0086372
-0.00864778
-0.00865825
-0.00866862
-0.0086789
-0.00868908
-0.00869917
-0.00870916
-0.00871907
-0.00872889
-0.00873862
-0.00874826
-0.00875783
-0.00876731
-0.00877671
-0.00878603
-0.00879528
-0.00880445
-0.00881355
-0.00882258
-0.00883153
-0.00884042
-0.00884923
-0.00885798
-0.00886666
-0.00887527
-0.00888383
-0.00889231
-0.00890074
-0.00890911
-0.00891741
-0.00892566
-0.00893385
-0.00894198
-0.00895005
-0.00895807
-0.00896603
-0.00897395
-0.0089818
-0.00898961
-0.00899736

Solution para delta = 1
0
-0.00413862
-0.00525895
-0.00576165
-0.00607099
-0.00629143
-0.00646202
-0.00660105
-0.00671842
-0.00682005
-0.00690974
-0.00699007
-0.00706286
-0.00712945
-0.00719085
-0.00724784
-0.00730103
-0.00735093
-0.00739793
-0.00744237
-0.00748452
-0.00752462
-0.00756287
-0.00759944
-0.00763449
-0.00766812
-0.00770048
-0.00773164
-0.0077617
-0.00779075
-0.00781884
-0.00784605
-0.00787243
-0.00789803
-0.0079229
-0.00794709
-0.00797062
-0.00799354
-0.00801588
-0.00803767
-0.00805894
-0.00807972
-0.00810002
-0.00811987
-0.00813929
-0.0081583
-0.00817692
-0.00819516
-0.00821305
-0.00823059
-0.00824779
-0.00826468
-0.00828126
-0.00829755
-0.00831355
-0.00832928
-0.00834475
-0.00835996
-0.00837493
-0.00838965
-0.00840415
-0.00841843
-0.00843249
-0.00844634
-0.00845999
-0.00847344
-0.00848671
-0.00849979
-0.00851269
-0.00852541
-0.00853797
-0.00855036
-0.0085626
-0.00857468
-0.0085866
-0.00859838
-0.00861001
-0.00862151
-0.00863287
-0.00864409
-0.00865519
-0.00866615
-0.008677
-0.00868772
-0.00869833
-0.00870882
-0.0087192
-0.00872946
-0.00873962
-0.00874968
-0.00875963
-0.00876948
-0.00877923
-0.00878889
-0.00879845
-0.00880792
-0.0088173
-0.00882658
-0.00883579
-0.0088449
-0.00885393
-0.00886288
-0.00887175
-0.00888054
-0.00888926
-0.00889789
-0.00890645
-0.00891494
-0.00892336
-0.0089317
-0.00893998
-0.00894818
-0.00895632
-0.0089644
-0.00897241
-0.00898035
-0.00898823
-0.00899605
-0.00900381
-0.00901151
-0.00901915
-0.00902674
-0.00903426
-0.00904174
-0.00904915
-0.00905651
-0.00906382
-0.00907108
-0.00907828

Solution para delta = 10
0
-0.00416878
-0.00527625
-0.00577426
-0.00608123
-0.00630027
-0.00646992
-0.00660828
-0.00672516
-0.00682641
-0.0069158
-0.00699588
-0.00706846
-0.00713488
-0.00719613
-0.00725298
-0.00730607
-0.00735586
-0.00740277
-0.00744713
-0.00748921
-0.00752925
-0.00756744
-0.00760396
-0.00763895
-0.00767254
-0.00770485
-0.00773597
-0.00776599
-0.007795
-0.00782306
-0.00785024
-0.00787659
-0.00790216
-0.007927
-0.00795116
-0.00797467
-0.00799757
-0.00801989
-0.00804166
-0.00806291
-0.00808366
-0.00810394
-0.00812377
-0.00814317
-0.00816217
-0.00818077
-0.008199
-0.00821686
-0.00823438
-0.00825158
-0.00826845
-0.00828502
-0.00830129
-0.00831728
-0.00833299
-0.00834845
-0.00836365
-0.0083786
-0.00839331
-0.0084078
-0.00842206
-0.00843611
-0.00844995
-0.00846359
-0.00847703
-0.00849028
-0.00850335
-0.00851624
-0.00852896
-0.0085415
-0.00855389
-0.00856611
-0.00857818
-0.00859009
-0.00860186
-0.00861348
-0.00862497
-0.00863632
-0.00864753
-0.00865862
-0.00866958
-0.00868041
-0.00869113
-0.00870172
-0.0087122
-0.00872257
-0.00873283
-0.00874298
-0.00875303
-0.00876297
-0.00877281
-0.00878256
-0.0087922
-0.00880176
-0.00881122
-0.00882058
-0.00882986
-0.00883906
-0.00884816
-0.00885719
-0.00886613
-0.00887499
-0.00888377
-0.00889248
-0.0089011
-0.00890966
-0.00891814
-0.00892655
-0.00893488
-0.00894315
-0.00895135
-0.00895948
-0.00896755
-0.00897555
-0.00898348
-0.00899136
-0.00899917
-0.00900692
-0.00901462
-0.00902225
-0.00902983
-0.00903734
-0.00904481
-0.00905222
-0.00905957
-0.00906687
-0.00907412
-0.00908131

Solution para delta = 100
0
-0.00418063
-0.0052823
-0.00577827
-0.00608423
-0.00630267
-0.00647192
-0.00661001
-0.00672668
-0.00682777
-0.00691703
-0.00699701
-0.00706951
-0.00713585
-0.00719704
-0.00725385
-0.00730689
-0.00735664
-0.00740352
-0.00744785
-0.0074899
-0.00752991
-0.00756808
-0.00760457
-0.00763954
-0.00767312
-0.00770541
-0.00773652
-0.00776653
-0.00779553
-0.00782357
-0.00785074
-0.00787708
-0.00790264
-0.00792747
-0.00795162
-0.00797512
-0.00799801
-0.00802033
-0.00804209
-0.00806333
-0.00808408
-0.00810435
-0.00812418
-0.00814358
-0.00816256
-0.00818116
-0.00819938
-0.00821724
-0.00823476
-0.00825195
-0.00826882
-0.00828538
-0.00830165
-0.00831764
-0.00833335
-0.0083488
-0.00836399
-0.00837894
-0.00839365
-0.00840814
-0.0084224
-0.00843644
-0.00845028
-0.00846392
-0.00847736
-0.00849061
-0.00850367
-0.00851656
-0.00852927
-0.00854182
-0.0085542
-0.00856642
-0.00857848
-0.0085904
-0.00860216
-0.00861379
-0.00862527
-0.00863661
-0.00864783
-0.00865891
-0.00866987
-0.0086807
-0.00869142
-0.00870201
-0.00871249
-0.00872286
-0.00873311
-0.00874326
-0.00875331
-0.00876325
-0.00877309
-0.00878283
-0.00879248
-0.00880203
-0.00881149
-0.00882085
-0.00883013
-0.00883932
-0.00884843
-0.00885745
-0.00886639
-0.00887525
-0.00888403
-0.00889274
-0.00890136
-0.00890992
-0.00891839
-0.0089268
-0.00893514
-0.0089434
-0.0089516
-0.00895973
-0.0089678
-0.0089758
-0.00898373
-0.00899161
-0.00899942
-0.00900717
-0.00901486
-0.00902249
-0.00903007
-0.00903759
-0.00904505
-0.00905246
-0.00905981
-0.00906711
-0.00907436
-0.00908155

Solution para delta = 1000
0
-0.00418448
-0.00528433
-0.00577966
-0.0060853
-0.00630354
-0.00647267
-0.00661067
-0.00672728
-0.00682832
-0.00691754
-0.00699749
-0.00706996
-0.00713628
-0.00719745
-0.00725424
-0.00730726
-0.007357
-0.00740387
-0.00744818
-0.00749023
-0.00753023
-0.00756839
-0.00760488
-0.00763984
-0.00767341
-0.0077057
-0.0077368
-0.00776681
-0.0077958
-0.00782384
-0.00785101
-0.00787734
-0.0079029
-0.00792773
-0.00795188
-0.00797538
-0.00799826
-0.00802057
-0.00804233
-0.00806357
-0.00808432
-0.00810459
-0.00812441
-0.00814381
-0.0081628
-0.00818139
-0.00819961
-0.00821747
-0.00823499
-0.00825217
-0.00826904
-0.0082856
-0.00830187
-0.00831785
-0.00833357
-0.00834901
-0.00836421
-0.00837916
-0.00839387
-0.00840835
-0.00842261
-0.00843665
-0.00845049
-0.00846412
-0.00847756
-0.00849081
-0.00850388
-0.00851676
-0.00852948
-0.00854202
-0.0085544
-0.00856662
-0.00857868
-0.00859059
-0.00860236
-0.00861398
-0.00862546
-0.00863681
-0.00864802
-0.00865911
-0.00867006
-0.00868089
-0.00869161
-0.0087022
-0.00871268
-0.00872305
-0.0087333
-0.00874345
-0.0087535
-0.00876344
-0.00877328
-0.00878302
-0.00879266
-0.00880221
-0.00881167
-0.00882104
-0.00883032
-0.00883951
-0.00884861
-0.00885763
-0.00886657
-0.00887543
-0.00888421
-0.00889292
-0.00890154
-0.00891009
-0.00891857
-0.00892698
-0.00893531
-0.00894358
-0.00895178
-0.00895991
-0.00896797
-0.00897597
-0.00898391
-0.00899178
-0.00899959
-0.00900734
-0.00901503
-0.00902266
-0.00903024
-0.00903776
-0.00904522
-0.00905263
-0.00905998
-0.00906728
-0.00907452
-0.00908172

Solution para delta = 10000
0
-0.0041857
-0.00528504
-0.00578018
-0.00608572
-0.00630391
-0.006473
-0.00661097
-0.00672756
-0.00682858
-0.00691779
-0.00699773
-0.00707019
-0.0071365
-0.00719767
-0.00725445
-0.00730747
-0.00735721
-0.00740407
-0.00744838
-0.00749042
-0.00753042
-0.00756858
-0.00760507
-0.00764003
-0.0076736
-0.00770588
-0.00773698
-0.00776699
-0.00779598
-0.00782402
-0.00785118
-0.00787751
-0.00790307
-0.0079279
-0.00795205
-0.00797555
-0.00799843
-0.00802074
-0.0080425
-0.00806374
-0.00808448
-0.00810475
-0.00812458
-0.00814397
-0.00816296
-0.00818155
-0.00819977
-0.00821763
-0.00823515
-0.00825233
-0.0082692
-0.00828576
-0.00830203
-0.00831801
-0.00833372
-0.00834917
-0.00836436
-0.00837931
-0.00839402
-0.0084085
-0.00842276
-0.00843681
-0.00845064
-0.00846428
-0.00847771
-0.00849096
-0.00850403
-0.00851691
-0.00852963
-0.00854217
-0.00855455
-0.00856677
-0.00857883
-0.00859074
-0.00860251
-0.00861413
-0.00862561
-0.00863696
-0.00864817
-0.00865925
-0.00867021
-0.00868104
-0.00869175
-0.00870235
-0.00871282
-0.00872319
-0.00873345
-0.0087436
-0.00875364
-0.00876358
-0.00877342
-0.00878316
-0.0087928
-0.00880235
-0.00881181
-0.00882118
-0.00883046
-0.00883965
-0.00884875
-0.00885777
-0.00886671
-0.00887557
-0.00888435
-0.00889305
-0.00890168
-0.00891023
-0.00891871
-0.00892712
-0.00893545
-0.00894372
-0.00895191
-0.00896004
-0.00896811
-0.00897611
-0.00898404
-0.00899192
-0.00899973
-0.00900748
-0.00901517
-0.0090228
-0.00903037
-0.00903789
-0.00904535
-0.00905276
-0.00906011
-0.00906741
-0.00907466
-0.00908185

Solution para delta = 100000
0
-0.00418608
-0.00528532
-0.00578041
-0.00608593
-0.0063041
-0.00647318
-0.00661114
-0.00672772
-0.00682874
-0.00691795
-0.00699788
-0.00707034
-0.00713665
-0.00719781
-0.0072546
-0.00730761
-0.00735735
-0.00740421
-0.00744853
-0.00749056
-0.00753056
-0.00756872
-0.00760521
-0.00764017
-0.00767373
-0.00770602
-0.00773712
-0.00776712
-0.00779611
-0.00782416
-0.00785132
-0.00787765
-0.00790321
-0.00792804
-0.00795218
-0.00797568
-0.00799856
-0.00802087
-0.00804263
-0.00806387
-0.00808461
-0.00810488
-0.00812471
-0.0081441
-0.00816309
-0.00818168
-0.0081999
-0.00821776
-0.00823527
-0.00825246
-0.00826933
-0.00828589
-0.00830215
-0.00831814
-0.00833385
-0.0083493
-0.00836449
-0.00837944
-0.00839415
-0.00840863
-0.00842289
-0.00843693
-0.00845077
-0.0084644
-0.00847784
-0.00849109
-0.00850415
-0.00851704
-0.00852975
-0.00854229
-0.00855467
-0.00856689
-0.00857895
-0.00859086
-0.00860263
-0.00861425
-0.00862573
-0.00863708
-0.00864829
-0.00865937
-0.00867033
-0.00868116
-0.00869187
-0.00870246
-0.00871294
-0.00872331
-0.00873356
-0.00874371
-0.00875376
-0.0087637
-0.00877354
-0.00878328
-0.00879292
-0.00880247
-0.00881193
-0.00882129
-0.00883057
-0.00883976
-0.00884887
-0.00885789
-0.00886683
-0.00887569
-0.00888447
-0.00889317
-0.00890179
-0.00891035
-0.00891882
-0.00892723
-0.00893556
-0.00894383
-0.00895203
-0.00896016
-0.00896822
-0.00897622
-0.00898415
-0.00899203
-0.00899984
-0.00900759
-0.00901528
-0.00902291
-0.00903048
-0.009038
-0.00904546
-0.00905287
-0.00906022
-0.00906752
-0.00907477
-0.00908196

Solution para delta = 1e+06
0
-0.0041862
-0.00528545
-0.00578053
-0.00608605
-0.00630422
-0.0064733
-0.00661126
-0.00672784
-0.00682886
-0.00691807
-0.006998
-0.00707046
-0.00713677
-0.00719793
-0.00725471
-0.00730773
-0.00735747
-0.00740433
-0.00744864
-0.00749068
-0.00753068
-0.00756883
-0.00760532
-0.00764028
-0.00767385
-0.00770613
-0.00773723
-0.00776724
-0.00779622
-0.00782427
-0.00785143
-0.00787776
-0.00790332
-0.00792815
-0.00795229
-0.00797579
-0.00799867
-0.00802098
-0.00804274
-0.00806398
-0.00808472
-0.00810499
-0.00812481
-0.00814421
-0.00816319
-0.00818179
-0.00820001
-0.00821787
-0.00823538
-0.00825257
-0.00826943
-0.00828599
-0.00830226
-0.00831824
-0.00833395
-0.0083494
-0.00836459
-0.00837954
-0.00839425
-0.00840873
-0.00842299
-0.00843703
-0.00845087
-0.0084645
-0.00847794
-0.00849119
-0.00850425
-0.00851714
-0.00852985
-0.00854239
-0.00855477
-0.00856699
-0.00857905
-0.00859097
-0.00860273
-0.00861435
-0.00862583
-0.00863718
-0.00864839
-0.00865947
-0.00867043
-0.00868126
-0.00869197
-0.00870257
-0.00871304
-0.00872341
-0.00873366
-0.00874381
-0.00875386
-0.0087638
-0.00877364
-0.00878338
-0.00879302
-0.00880257
-0.00881203
-0.00882139
-0.00883067
-0.00883986
-0.00884897
-0.00885799
-0.00886693
-0.00887579
-0.00888456
-0.00889327
-0.00890189
-0.00891044
-0.00891892
-0.00892733
-0.00893566
-0.00894393
-0.00895212
-0.00896025
-0.00896832
-0.00897632
-0.00898425
-0.00899212
-0.00899993
-0.00900768
-0.00901537
-0.00902301
-0.00903058
-0.0090381
-0.00904556
-0.00905296
-0.00906032
-0.00906761
-0.00907486
-0.00908205

Solution para delta = 1e+07
0
-0.00418624
-0.00528553
-0.00578063
-0.00608615
-0.00630432
-0.0064734
-0.00661136
-0.00672794
-0.00682896
-0.00691817
-0.0069981
-0.00707056
-0.00713687
-0.00719803
-0.00725481
-0.00730783
-0.00735757
-0.00740443
-0.00744874
-0.00749078
-0.00753077
-0.00756893
-0.00760542
-0.00764038
-0.00767394
-0.00770623
-0.00773733
-0.00776733
-0.00779632
-0.00782436
-0.00785152
-0.00787786
-0.00790341
-0.00792824
-0.00795239
-0.00797588
-0.00799877
-0.00802108
-0.00804283
-0.00806407
-0.00808482
-0.00810509
-0.00812491
-0.0081443
-0.00816329
-0.00818188
-0.0082001
-0.00821796
-0.00823548
-0.00825266
-0.00826953
-0.00828609
-0.00830235
-0.00831834
-0.00833405
-0.00834949
-0.00836469
-0.00837963
-0.00839434
-0.00840882
-0.00842308
-0.00843713
-0.00845096
-0.0084646
-0.00847803
-0.00849128
-0.00850435
-0.00851723
-0.00852994
-0.00854248
-0.00855486
-0.00856708
-0.00857915
-0.00859106
-0.00860282
-0.00861444
-0.00862592
-0.00863727
-0.00864848
-0.00865956
-0.00867052
-0.00868135
-0.00869206
-0.00870265
-0.00871313
-0.0087235
-0.00873375
-0.0087439
-0.00875394
-0.00876388
-0.00877372
-0.00878346
-0.00879311
-0.00880266
-0.00881211
-0.00882148
-0.00883076
-0.00883995
-0.00884905
-0.00885807
-0.00886701
-0.00887587
-0.00888465
-0.00889335
-0.00890198
-0.00891053
-0.00891901
-0.00892741
-0.00893575
-0.00894401
-0.00895221
-0.00896034
-0.0089684
-0.0089764
-0.00898434
-0.00899221
-0.00900002
-0.00900777
-0.00901546
-0.00902309
-0.00903066
-0.00903818
-0.00904564
-0.00905305
-0.0090604
-0.0090677
-0.00907494
-0.00908214

Solution para delta = 1e+08
0
-0.00418625
-0.0052856
-0.00578071
-0.00608623
-0.00630441
-0.00647349
-0.00661145
-0.00672803
-0.00682905
-0.00691826
-0.00699819
-0.00707065
-0.00713696
-0.00719812
-0.0072549
-0.00730792
-0.00735766
-0.00740452
-0.00744883
-0.00749087
-0.00753087
-0.00756902
-0.00760551
-0.00764047
-0.00767403
-0.00770632
-0.00773742
-0.00776742
-0.00779641
-0.00782445
-0.00785161
-0.00787795
-0.0079035
-0.00792833
-0.00795248
-0.00797597
-0.00799886
-0.00802116
-0.00804292
-0.00806416
-0.0080849
-0.00810518
-0.008125
-0.00814439
-0.00816338
-0.00818197
-0.00820019
-0.00821805
-0.00823556
-0.00825275
-0.00826961
-0.00828617
-0.00830244
-0.00831842
-0.00833413
-0.00834958
-0.00836477
-0.00837972
-0.00839443
-0.00840891
-0.00842317
-0.00843721
-0.00845105
-0.00846468
-0.00847812
-0.00849137
-0.00850443
-0.00851732
-0.00853003
-0.00854257
-0.00855495
-0.00856717
-0.00857923
-0.00859114
-0.00860291
-0.00861453
-0.00862601
-0.00863735
-0.00864856
-0.00865965
-0.0086706
-0.00868143
-0.00869214
-0.00870274
-0.00871322
-0.00872358
-0.00873384
-0.00874398
-0.00875403
-0.00876397
-0.00877381
-0.00878355
-0.00879319
-0.00880274
-0.0088122
-0.00882156
-0.00883084
-0.00884003
-0.00884913
-0.00885816
-0.00886709
-0.00887595
-0.00888473
-0.00889343
-0.00890206
-0.00891061
-0.00891909
-0.00892749
-0.00893583
-0.00894409
-0.00895229
-0.00896042
-0.00896848
-0.00897648
-0.00898441
-0.00899229
-0.0090001
-0.00900785
-0.00901554
-0.00902317
-0.00903074
-0.00903826
-0.00904572
-0.00905313
-0.00906048
-0.00906777
-0.00907502
-0.00908221
